1.0000E+9
9.6000E+8
9.2000E+8
8.8000E+8
8.4000E+8
8.0000E+8
7.6000E+8
7.2000E+8
6.8000E+8
6.4000E+8
6.0000E+8
5.6000E+8
5.2000E+8
4.8000E+8
4.4000E+8
4.0000E+8
3.6000E+8
3.2000E+8
2.8000E+8
2.4000E+8
2.0000E+8
1.8000E+8
1.6000E+8
1.5000E+8
1.4000E+8
1.3000E+8
1.2000E+8
1.1000E+8
1.0000E+8
9.0000E+7
8.0000E+7
7.5000E+7
7.0000E+7
6.5000E+7
6.0000E+7
5.8000E+7
5.6000E+7
5.4000E+7
5.2000E+7
5.0000E+7
4.8000E+7
4.6000E+7
4.4000E+7
4.2000E+7
4.0000E+7
3.8000E+7
3.6000E+7
3.4000E+7
3.2000E+7
3.0000E+7
2.9000E+7
2.8000E+7
2.7000E+7
2.6000E+7
2.5000E+7
2.4000E+7
2.3000E+7
2.2000E+7
2.1000E+7
2.0000E+7
1.9800E+7
1.9600E+7
1.9400E+7
1.9200E+7
1.9000E+7
1.8800E+7
1.8600E+7
1.8400E+7
1.8200E+7
1.8000E+7
1.7800E+7
1.7600E+7
1.7400E+7
1.7200E+7
1.7000E+7
1.6800E+7
1.6600E+7
1.6400E+7
1.6200E+7
1.6000E+7
1.5800E+7
1.5600E+7
1.5400E+7
1.5200E+7
1.5000E+7
1.4800E+7
1.4600E+7
1.4400E+7
1.4200E+7
1.4000E+7
1.3800E+7
1.3600E+7
1.3400E+7
1.3200E+7
1.3000E+7
1.2800E+7
1.2600E+7
1.2400E+7
1.2200E+7
 1.2000E+7
 1.1800E+7
 1.1600E+7
 1.1400E+7
 1.1200E+7
 1.1000E+7
 1.0800E+7
 1.0600E+7
 1.0400E+7
 1.0200E+7
 1.0000E+7
 9.5499E+6
 9.1201E+6
 8.7096E+6
 8.3176E+6
 7.9433E+6
 7.5858E+6
 7.2444E+6
 6.9183E+6
 6.6069E+6
 6.3096E+6
 6.0256E+6
 5.7544E+6
 5.4954E+6
 5.2481E+6
 5.0119E+6
 4.7863E+6
 4.5709E+6
 4.3652E+6
 4.1687E+6
 3.9811E+6
 3.8019E+6
 3.6308E+6
 3.4674E+6
 3.3113E+6
 3.1623E+6
 3.0200E+6
 2.8840E+6
 2.7542E+6
 2.6303E+6
 2.5119E+6
 2.3988E+6
 2.2909E+6
 2.1878E+6
 2.0893E+6
 1.9953E+6
 1.9055E+6
 1.8197E+6
 1.7378E+6
 1.6596E+6
 1.5849E+6
 1.5136E+6
 1.4454E+6
 1.3804E+6
 1.3183E+6
 1.2589E+6
 1.2023E+6
 1.1482E+6
 1.0965E+6
 1.0471E+6
 1.0000E+6
 9.5499E+5
 9.1201E+5
 8.7096E+5
 8.3176E+5
 7.9433E+5
 7.5858E+5
 7.2444E+5
 6.9183E+5
 6.6069E+5
 6.3096E+5
 6.0256E+5
 5.7544E+5
 5.4954E+5
 5.2481E+5
 5.0119E+5
 4.7863E+5
 4.5709E+5
 4.3652E+5
 4.1687E+5
 3.9811E+5
 3.8019E+5
 3.6308E+5
 3.4674E+5
 3.3113E+5
 3.1623E+5
 3.0200E+5
 2.8840E+5
 2.7542E+5
 2.6303E+5
 2.5119E+5
 2.3988E+5
 2.2909E+5
 2.1878E+5
 2.0893E+5
 1.9953E+5
 1.9055E+5
 1.8197E+5
 1.7378E+5
 1.6596E+5
 1.5849E+5
 1.5136E+5
 1.4454E+5
 1.3804E+5
 1.3183E+5
 1.2589E+5
 1.2023E+5
 1.1482E+5
 1.0965E+5
 1.0471E+5
 1.0000E+5
 9.5499E+4
 9.1201E+4
 8.7096E+4
 8.3176E+4
 7.9433E+4
 7.5858E+4
 7.2444E+4
 6.9183E+4
 6.6069E+4
 6.3096E+4
 6.0256E+4
 5.7544E+4
 5.4954E+4
 5.2481E+4
 5.0119E+4
 4.7863E+4
 4.5709E+4
 4.3652E+4
 4.1687E+4
 3.9811E+4
 3.8019E+4
 3.6308E+4
 3.4674E+4
 3.3113E+4
 3.1623E+4
 3.0200E+4
 2.8840E+4
 2.7542E+4
 2.6303E+4
 2.5119E+4
 2.3988E+4
 2.2909E+4
 2.1878E+4
 2.0893E+4
 1.9953E+4
 1.9055E+4
 1.8197E+4
 1.7378E+4
 1.6596E+4
 1.5849E+4
 1.5136E+4
 1.4454E+4
 1.3804E+4
 1.3183E+4
 1.2589E+4
 1.2023E+4
 1.1482E+4
 1.0965E+4
 1.0471E+4
 1.0000E+4
 9.5499E+3
 9.1201E+3
 8.7096E+3
 8.3176E+3
 7.9433E+3
 7.5858E+3
 7.2444E+3
 6.9183E+3
 6.6069E+3
 6.3096E+3
 6.0256E+3
 5.7544E+3
 5.4954E+3
 5.2481E+3
 5.0119E+3
 4.7863E+3
 4.5709E+3
 4.3652E+3
 4.1687E+3
 3.9811E+3
 3.8019E+3
 3.6308E+3
 3.4674E+3
 3.3113E+3
 3.1623E+3
 3.0200E+3
 2.8840E+3
 2.7542E+3
 2.6303E+3
 2.5119E+3
 2.3988E+3
 2.2909E+3
 2.1878E+3
 2.0893E+3
 1.9953E+3
 1.9055E+3
 1.8197E+3
 1.7378E+3
 1.6596E+3
 1.5849E+3
 1.5136E+3
 1.4454E+3
 1.3804E+3
 1.3183E+3
 1.2589E+3
 1.2023E+3
 1.1482E+3
 1.0965E+3
 1.0471E+3
 1.0000E+3
 9.5499E+2
 9.1201E+2
 8.7096E+2
 8.3176E+2
 7.9433E+2
 7.5858E+2
 7.2444E+2
 6.9183E+2
 6.6069E+2
 6.3096E+2
 6.0256E+2
 5.7544E+2
 5.4954E+2
 5.2481E+2
 5.0119E+2
 4.7863E+2
 4.5709E+2
 4.3652E+2
 4.1687E+2
 3.9811E+2
 3.8019E+2
 3.6308E+2
 3.4674E+2
 3.3113E+2
 3.1623E+2
 3.0200E+2
 2.8840E+2
 2.7542E+2
 2.6303E+2
 2.5119E+2
 2.3988E+2
 2.2909E+2
 2.1878E+2
 2.0893E+2
 1.9953E+2
 1.9055E+2
 1.8197E+2
 1.7378E+2
 1.6596E+2
 1.5849E+2
 1.5136E+2
 1.4454E+2
 1.3804E+2
 1.3183E+2
 1.2589E+2
 1.2023E+2
 1.1482E+2
 1.0965E+2
 1.0471E+2
 1.0000E+2
 9.5499E+1
 9.1201E+1
 8.7096E+1
 8.3176E+1
 7.9433E+1
 7.5858E+1
 7.2444E+1
 6.9183E+1
 6.6069E+1
 6.3096E+1
 6.0256E+1
 5.7544E+1
 5.4954E+1
 5.2481E+1
 5.0119E+1
 4.7863E+1
 4.5709E+1
 4.3652E+1
 4.1687E+1
 3.9811E+1
 3.8019E+1
 3.6308E+1
 3.4674E+1
 3.3113E+1
 3.1623E+1
 3.0200E+1
 2.8840E+1
 2.7542E+1
 2.6303E+1
 2.5119E+1
 2.3988E+1
 2.2909E+1
 2.1878E+1
 2.0893E+1
 1.9953E+1
 1.9055E+1
 1.8197E+1
 1.7378E+1
 1.6596E+1
 1.5849E+1
 1.5136E+1
 1.4454E+1
 1.3804E+1
 1.3183E+1
 1.2589E+1
 1.2023E+1
 1.1482E+1
 1.0965E+1
 1.0471E+1
 1.0000E+1
 9.5499E+0
 9.1201E+0
 8.7096E+0
 8.3176E+0
 7.9433E+0
 7.5858E+0
 7.2444E+0
 6.9183E+0
 6.6069E+0
 6.3096E+0
 6.0256E+0
 5.7544E+0
 5.4954E+0
 5.2481E+0
 5.0119E+0
 4.7863E+0
 4.5709E+0
 4.3652E+0
 4.1687E+0
 3.9811E+0
 3.8019E+0
 3.6308E+0
 3.4674E+0
 3.3113E+0
 3.1623E+0
 3.0200E+0
 2.8840E+0
 2.7542E+0
 2.6303E+0
 2.5119E+0
 2.3988E+0
 2.2909E+0
 2.1878E+0
 2.0893E+0
 1.9953E+0
 1.9055E+0
 1.8197E+0
 1.7378E+0
 1.6596E+0
 1.5849E+0
 1.5136E+0
 1.4454E+0
 1.3804E+0
 1.3183E+0
 1.2589E+0
 1.2023E+0
 1.1482E+0
 1.0965E+0
 1.0471E+0
 1.0000E+0
 9.5499E-1
 9.1201E-1
 8.7096E-1
 8.3176E-1
 7.9433E-1
 7.5858E-1
 7.2444E-1
 6.9183E-1
 6.6069E-1
 6.3096E-1
 6.0256E-1
 5.7544E-1
 5.4954E-1
 5.2481E-1
 5.0119E-1
 4.7863E-1
 4.5709E-1
 4.3652E-1
 4.1687E-1
 3.9811E-1
 3.8019E-1
 3.6308E-1
 3.4674E-1
 3.3113E-1
 3.1623E-1
 3.0200E-1
 2.8840E-1
 2.7542E-1
 2.6303E-1
 2.5119E-1
 2.3988E-1
 2.2909E-1
 2.1878E-1
 2.0893E-1
 1.9953E-1
 1.9055E-1
 1.8197E-1
 1.7378E-1
 1.6596E-1
 1.5849E-1
 1.5136E-1
 1.4454E-1
 1.3804E-1
 1.3183E-1
 1.2589E-1
 1.2023E-1
 1.1482E-1
 1.0965E-1
 1.0471E-1
 1.0000E-1
 9.5499E-2
 9.1201E-2
 8.7096E-2
 8.3176E-2
 7.9433E-2
 7.5858E-2
 7.2444E-2
 6.9183E-2
 6.6069E-2
 6.3096E-2
 6.0256E-2
 5.7544E-2
 5.4954E-2
 5.2481E-2
 5.0119E-2
 4.7863E-2
 4.5709E-2
 4.3652E-2
 4.1687E-2
 3.9811E-2
 3.8019E-2
 3.6308E-2
 3.4674E-2
 3.3113E-2
 3.1623E-2
 3.0200E-2
 2.8840E-2
 2.7542E-2
 2.6303E-2
 2.5119E-2
 2.3988E-2
 2.2909E-2
 2.1878E-2
 2.0893E-2
 1.9953E-2
 1.9055E-2
 1.8197E-2
 1.7378E-2
 1.6596E-2
 1.5849E-2
 1.5136E-2
 1.4454E-2
 1.3804E-2
 1.3183E-2
 1.2589E-2
 1.2023E-2
 1.1482E-2
 1.0965E-2
 1.0471E-2
 1.0000E-2
 9.5499E-3
 9.1201E-3
 8.7096E-3
 8.3176E-3
 7.9433E-3
 7.5858E-3
 7.2444E-3
 6.9183E-3
 6.6069E-3
 6.3096E-3
 6.0256E-3
 5.7544E-3
 5.4954E-3
 5.2481E-3
 5.0119E-3
 4.7863E-3
 4.5709E-3
 4.3652E-3
 4.1687E-3
 3.9811E-3
 3.8019E-3
 3.6308E-3
 3.4674E-3
 3.3113E-3
 3.1623E-3
 3.0200E-3
 2.8840E-3
 2.7542E-3
 2.6303E-3
 2.5119E-3
 2.3988E-3
 2.2909E-3
 2.1878E-3
 2.0893E-3
 1.9953E-3
 1.9055E-3
 1.8197E-3
 1.7378E-3
 1.6596E-3
 1.5849E-3
 1.5136E-3
 1.4454E-3
 1.3804E-3
 1.3183E-3
 1.2589E-3
 1.2023E-3
 1.1482E-3
 1.0965E-3
 1.0471E-3
 1.0000E-3
 9.5499E-4
 9.1201E-4
 8.7096E-4
 8.3176E-4
 7.9433E-4
 7.5858E-4
 7.2444E-4
 6.9183E-4
 6.6069E-4
 6.3096E-4
 6.0256E-4
 5.7544E-4
 5.4954E-4
 5.2481E-4
 5.0119E-4
 4.7863E-4
 4.5709E-4
 4.3652E-4
 4.1687E-4
 3.9811E-4
 3.8019E-4
 3.6308E-4
 3.4674E-4
 3.3113E-4
 3.1623E-4
 3.0200E-4
 2.8840E-4
 2.7542E-4
 2.6303E-4
 2.5119E-4
 2.3988E-4
 2.2909E-4
 2.1878E-4
 2.0893E-4
 1.9953E-4
 1.9055E-4
 1.8197E-4
 1.7378E-4
 1.6596E-4
 1.5849E-4
 1.5136E-4
 1.4454E-4
 1.3804E-4
 1.3183E-4
 1.2589E-4
 1.2023E-4
 1.1482E-4
 1.0965E-4
 1.0471E-4
 1.0000E-4
 9.5499E-5
 9.1201E-5
 8.7096E-5
 8.3176E-5
 7.9433E-5
 7.5858E-5
 7.2444E-5
 6.9183E-5
 6.6069E-5
 6.3096E-5
 6.0256E-5
 5.7544E-5
 5.4954E-5
 5.2481E-5
 5.0119E-5
 4.7863E-5
 4.5709E-5
 4.3652E-5
 4.1687E-5
 3.9811E-5
 3.8019E-5
 3.6308E-5
 3.4674E-5
 3.3113E-5
 3.1623E-5
 3.0200E-5
 2.8840E-5
 2.7542E-5
 2.6303E-5
 2.5119E-5
 2.3988E-5
 2.2909E-5
 2.1878E-5
 2.0893E-5
 1.9953E-5
 1.9055E-5
 1.8197E-5
 1.7378E-5
 1.6596E-5
 1.5849E-5
 1.5136E-5
 1.4454E-5
 1.3804E-5
 1.3183E-5
 1.2589E-5
 1.2023E-5
 1.1482E-5
 1.0965E-5
 1.0471E-5
 1.0000E-5 