1.9640E+07
1.7333E+07
1.6905E+07
1.6487E+07
1.5683E+07
1.4918E+07
1.4550E+07
1.4191E+07
1.3840E+07
1.3499E+07
1.2840E+07
1.2214E+07
1.1618E+07
1.1052E+07
1.0513E+07
1.0000E+07
9.5123E+06
9.0484E+06
8.6071E+06
8.1873E+06
7.7880E+06
7.4082E+06
7.0469E+06
6.7032E+06
6.5924E+06
6.3763E+06
6.0653E+06
5.7695E+06
5.4881E+06
5.2205E+06
4.9659E+06
4.7237E+06
4.4933E+06
4.0657E+06
3.6788E+06
3.3287E+06
3.1664E+06
3.0119E+06
2.8650E+06
2.7253E+06
2.5924E+06
2.4660E+06
2.3852E+06
2.3653E+06
2.3457E+06
2.3069E+06
2.2313E+06
2.1225E+06
2.0190E+06
1.9205E+06
1.8268E+06
1.7377E+06
1.6530E+06
1.5724E+06
1.4957E+06
1.4227E+06
1.3534E+06
1.2873E+06
1.2246E+06
1.1648E+06
1.1080E+06
1.0026E+06
9.6164E+05
9.0718E+05
8.6294E+05
8.2085E+05
7.8082E+05
7.4274E+05
7.0651E+05
6.7206E+05
6.3928E+05
6.0810E+05
5.7844E+05
5.5023E+05
5.2340E+05
4.5049E+05
4.0762E+05
3.8774E+05
3.6883E+05
3.3373E+05
3.0197E+05
2.9850E+05
2.9720E+05
2.9452E+05
2.8725E+05
2.7324E+05
2.4724E+05
2.3518E+05
2.2371E+05
2.1280E+05
2.0242E+05
1.9255E+05
1.8316E+05
1.7422E+05
1.6573E+05
1.5764E+05
1.4996E+05
1.4264E+05
1.3569E+05
1.2907E+05
1.2277E+05
1.1679E+05
1.1109E+05
9.8037E+04
8.6517E+04
8.2500E+04
8.2297E+04
7.9500E+04
7.4990E+04
7.2000E+04
6.7379E+04
6.1725E+04
5.6562E+04
5.5166E+04
5.2475E+04
4.9392E+04
4.6309E+04
4.3589E+04
4.0868E+04
3.6979E+04
3.4307E+04
3.1828E+04
3.1620E+04
3.0730E+04
2.9850E+04
2.9010E+04
2.8500E+04
2.8180E+04
2.7380E+04
2.7000E+04
2.6610E+04
2.6058E+04
2.5850E+04
2.5120E+04
2.4788E+04
2.4410E+04
2.4176E+04
2.3579E+04
2.3040E+04
2.2390E+04
2.1875E+04
2.1130E+04
2.0540E+04
1.9950E+04
1.9305E+04
1.7780E+04
1.6616E+04
1.5850E+04
1.5034E+04
1.3832E+04
1.2726E+04
1.1709E+04
1.1138E+04
1.0078E+04
9.1188E+03
8.2510E+03
7.4659E+03
7.1017E+03
6.2673E+03
5.5308E+03
5.0045E+03
4.6429E+03
4.3074E+03
3.9810E+03
3.7074E+03
3.5480E+03
3.3546E+03
3.1620E+03
3.0354E+03
2.8180E+03
2.7465E+03
2.6610E+03
2.6126E+03
2.4852E+03
2.3710E+03
2.2487E+03
2.1130E+03
2.0347E+03
1.7956E+03
1.5846E+03
1.5073E+03
1.3639E+03
1.2341E+03
1.1167E+03
1.0104E+03
9.6112E+02
8.4820E+02
7.4852E+02
7.0790E+02
6.7729E+02
6.3100E+02
5.8295E+02
5.1446E+02
4.5400E+02
3.9810E+02
3.5358E+02
3.0432E+02
2.7536E+02
2.4301E+02
2.1445E+02
2.0399E+02
1.7780E+02
1.6702E+02
1.5850E+02
1.3674E+02
1.3007E+02
1.1220E+02
1.0130E+02
9.1661E+01
8.5277E+01
7.8893E+01
7.0790E+01
6.7904E+01
6.3100E+01
6.1442E+01
5.5595E+01
5.0120E+01
4.7851E+01
4.5517E+01
3.9810E+01
3.7267E+01
3.3889E+01
3.0511E+01
2.9203E+01
2.7918E+01
2.4980E+01
2.2603E+01
2.0452E+01
1.9028E+01
1.7603E+01
1.6745E+01
1.5227E+01
1.3710E+01
1.2590E+01
1.1224E+01
1.0677E+01
1.0000E+01
9.1898E+00
8.9130E+00
8.3153E+00
7.9430E+00
7.5240E+00
7.0790E+00
6.4760E+00
6.1601E+00
5.6230E+00
5.0435E+00
4.6700E+00
4.4700E+00
4.1292E+00
3.9279E+00
3.3807E+00
3.0590E+00
2.7679E+00
2.3724E+00
2.3600E+00
2.1300E+00
2.0200E+00
1.9300E+00
1.8554E+00
1.8400E+00
1.7550E+00
1.6700E+00
1.5900E+00
1.5100E+00
1.4450E+00
1.4400E+00
1.3700E+00
1.3050E+00
1.2350E+00
1.1700E+00
1.1254E+00
1.1100E+00
1.0900E+00
1.0800E+00
1.0700E+00
1.0350E+00
1.0100E+00
9.8601E-01
9.3001E-01
8.7642E-01
8.6001E-01
7.9001E-01
7.0500E-01
6.8256E-01
6.2501E-01
5.4001E-01
5.3158E-01
4.8501E-01
4.3300E-01
4.1399E-01
3.9101E-01
3.5200E-01
3.1450E-01
2.8250E-01
2.4800E-01
2.2000E-01
1.8900E-01
1.6000E-01
1.3400E-01
1.1500E-01
1.0000E-01
9.5000E-02
7.7001E-02
5.9001E-02
4.3000E-02
3.2380E-02
3.2000E-02
3.0000E-02
2.0000E-02
1.5000E-02
1.0000E-02
5.5001E-03
3.0000E-03
1.1000E-04
1.0000E-05
