1.000000E+09
9.549926E+08
9.120108E+08
8.709636E+08
8.317638E+08
7.943282E+08
7.585776E+08
7.244360E+08
6.918310E+08
6.606934E+08
6.309573E+08
6.025596E+08
5.754399E+08
5.495409E+08
5.248075E+08
5.011872E+08
4.786301E+08
4.570882E+08
4.365158E+08
4.168694E+08
3.981072E+08
3.801894E+08
3.630781E+08
3.467369E+08
3.311311E+08
3.162278E+08
3.019952E+08
2.884032E+08
2.754229E+08
2.630268E+08
2.511886E+08
2.398833E+08
2.290868E+08
2.187762E+08
2.089296E+08
1.995262E+08
1.905461E+08
1.819701E+08
1.737801E+08
1.659587E+08
1.584893E+08
1.513561E+08
1.445440E+08
1.380384E+08
1.318257E+08
1.258925E+08
1.202264E+08
1.148154E+08
1.096478E+08
1.047129E+08
1.000000E+08
9.549926E+07
9.120108E+07
8.709636E+07
8.317638E+07
7.943282E+07
7.585776E+07
7.244360E+07
6.918310E+07
6.606934E+07
6.309573E+07
6.025596E+07
5.754399E+07
5.495409E+07
5.248075E+07
5.011872E+07
4.786301E+07
4.570882E+07
4.365158E+07
4.168694E+07
3.981072E+07
3.801894E+07
3.630781E+07
3.467369E+07
3.311311E+07
3.162278E+07
3.019952E+07
3.000000E+07
2.980000E+07
2.960000E+07
2.940000E+07
2.920000E+07
2.900000E+07
2.880000E+07
2.860000E+07
2.840000E+07
2.820000E+07
2.800000E+07
2.780000E+07
2.760000E+07
2.740000E+07
2.720000E+07
2.700000E+07
2.680000E+07
2.660000E+07
2.640000E+07
2.620000E+07
2.600000E+07
2.580000E+07
2.560000E+07
2.540000E+07
2.520000E+07
2.500000E+07
2.480000E+07
2.460000E+07
2.440000E+07
2.420000E+07
2.400000E+07
2.380000E+07
2.360000E+07
2.340000E+07
2.320000E+07
2.300000E+07
2.280000E+07
2.260000E+07
2.240000E+07
2.220000E+07
2.200000E+07
2.180000E+07
2.160000E+07
2.140000E+07
2.120000E+07
2.100000E+07
2.080000E+07
2.060000E+07
2.040000E+07
2.020000E+07
2.000000E+07
1.980000E+07
1.960000E+07
1.940000E+07
1.920000E+07
1.900000E+07
1.880000E+07
1.860000E+07
1.840000E+07
1.820000E+07
1.800000E+07
1.780000E+07
1.760000E+07
1.740000E+07
1.720000E+07
1.700000E+07
1.680000E+07
1.660000E+07
1.640000E+07
1.620000E+07
1.600000E+07
1.580000E+07
1.560000E+07
1.540000E+07
1.520000E+07
1.500000E+07
1.480000E+07
1.460000E+07
1.440000E+07
1.420000E+07
1.400000E+07
1.380000E+07
1.360000E+07
1.340000E+07
1.320000E+07
1.300000E+07
1.280000E+07
1.260000E+07
1.240000E+07
1.220000E+07
1.200000E+07
1.180000E+07
1.160000E+07
1.140000E+07
1.120000E+07
1.100000E+07
1.080000E+07
1.060000E+07
1.040000E+07
1.020000E+07
1.000000E+07
9.800000E+06
9.600000E+06
9.400000E+06
9.200000E+06
9.000000E+06
8.800000E+06
8.600000E+06
8.400000E+06
8.200000E+06
8.000000E+06
7.800000E+06
7.600000E+06
7.400000E+06
7.200000E+06
7.000000E+06
6.800000E+06
6.600000E+06
6.400000E+06
6.200000E+06
6.000000E+06
5.800000E+06
5.600000E+06
5.400000E+06
5.200000E+06
5.000000E+06
4.786301E+06
4.570882E+06
4.365158E+06
4.168694E+06
3.981072E+06
3.801894E+06
3.630781E+06
3.467369E+06
3.311311E+06
3.162278E+06
3.019952E+06
2.884032E+06
2.754229E+06
2.630268E+06
2.511886E+06
2.398833E+06
2.290868E+06
2.187762E+06
2.089296E+06
1.995262E+06
1.905461E+06
1.819701E+06
1.737801E+06
1.659587E+06
1.584893E+06
1.513561E+06
1.445440E+06
1.380384E+06
1.318257E+06
1.258925E+06
1.202264E+06
1.148154E+06
1.096478E+06
1.047129E+06
1.000000E+06
9.549926E+05
9.120108E+05
8.709636E+05
8.317638E+05
7.943282E+05
7.585776E+05
7.244360E+05
6.918310E+05
6.606934E+05
6.309573E+05
6.025596E+05
5.754399E+05
5.495409E+05
5.248075E+05
5.011872E+05
4.786301E+05
4.570882E+05
4.365158E+05
4.168694E+05
3.981072E+05
3.801894E+05
3.630781E+05
3.467369E+05
3.311311E+05
3.162278E+05
3.019952E+05
2.884032E+05
2.754229E+05
2.630268E+05
2.511886E+05
2.398833E+05
2.290868E+05
2.187762E+05
2.089296E+05
1.995262E+05
1.905461E+05
1.819701E+05
1.737801E+05
1.659587E+05
1.584893E+05
1.513561E+05
1.445440E+05
1.380384E+05
1.318257E+05
1.258925E+05
1.202264E+05
1.148154E+05
1.096478E+05
1.047129E+05
1.000000E+05
9.549926E+04
9.120108E+04
8.709636E+04
8.317638E+04
7.943282E+04
7.585776E+04
7.244360E+04
6.918310E+04
6.606934E+04
6.309573E+04
6.025596E+04
5.754399E+04
5.495409E+04
5.248075E+04
5.011872E+04
4.786301E+04
4.570882E+04
4.365158E+04
4.168694E+04
3.981072E+04
3.801894E+04
3.630781E+04
3.467369E+04
3.311311E+04
3.162278E+04
3.019952E+04
2.884032E+04
2.754229E+04
2.630268E+04
2.511886E+04
2.398833E+04
2.290868E+04
2.187762E+04
2.089296E+04
1.995262E+04
1.905461E+04
1.819701E+04
1.737801E+04
1.659587E+04
1.584893E+04
1.513561E+04
1.445440E+04
1.380384E+04
1.318257E+04
1.258925E+04
1.202264E+04
1.148154E+04
1.096478E+04
1.047129E+04
1.000000E+04
9.549926E+03
9.120108E+03
8.709636E+03
8.317638E+03
7.943282E+03
7.585776E+03
7.244360E+03
6.918310E+03
6.606934E+03
6.309573E+03
6.025596E+03
5.754399E+03
5.495409E+03
5.248075E+03
5.011872E+03
4.786301E+03
4.570882E+03
4.365158E+03
4.168694E+03
3.981072E+03
3.801894E+03
3.630781E+03
3.467369E+03
3.311311E+03
3.162278E+03
3.019952E+03
2.884032E+03
2.754229E+03
2.630268E+03
2.511886E+03
2.398833E+03
2.290868E+03
2.187762E+03
2.089296E+03
1.995262E+03
1.905461E+03
1.819701E+03
1.737801E+03
1.659587E+03
1.584893E+03
1.513561E+03
1.445440E+03
1.380384E+03
1.318257E+03
1.258925E+03
1.202264E+03
1.148154E+03
1.096478E+03
1.047129E+03
1.000000E+03
9.549926E+02
9.120108E+02
8.709636E+02
8.317638E+02
7.943282E+02
7.585776E+02
7.244360E+02
6.918310E+02
6.606934E+02
6.309573E+02
6.025596E+02
5.754399E+02
5.495409E+02
5.248075E+02
5.011872E+02
4.786301E+02
4.570882E+02
4.365158E+02
4.168694E+02
3.981072E+02
3.801894E+02
3.630781E+02
3.467369E+02
3.311311E+02
3.162278E+02
3.019952E+02
2.884032E+02
2.754229E+02
2.630268E+02
2.511886E+02
2.398833E+02
2.290868E+02
2.187762E+02
2.089296E+02
1.995262E+02
1.905461E+02
1.819701E+02
1.737801E+02
1.659587E+02
1.584893E+02
1.513561E+02
1.445440E+02
1.380384E+02
1.318257E+02
1.258925E+02
1.202264E+02
1.148154E+02
1.096478E+02
1.047129E+02
1.000000E+02
9.549926E+01
9.120108E+01
8.709636E+01
8.317638E+01
7.943282E+01
7.585776E+01
7.244360E+01
6.918310E+01
6.606934E+01
6.309573E+01
6.025596E+01
5.754399E+01
5.495409E+01
5.248075E+01
5.011872E+01
4.786301E+01
4.570882E+01
4.365158E+01
4.168694E+01
3.981072E+01
3.801894E+01
3.630781E+01
3.467369E+01
3.311311E+01
3.162278E+01
3.019952E+01
2.884032E+01
2.754229E+01
2.630268E+01
2.511886E+01
2.398833E+01
2.290868E+01
2.187762E+01
2.089296E+01
1.995262E+01
1.905461E+01
1.819701E+01
1.737801E+01
1.659587E+01
1.584893E+01
1.513561E+01
1.445440E+01
1.380384E+01
1.318257E+01
1.258925E+01
1.202264E+01
1.148154E+01
1.096478E+01
1.047129E+01
1.000000E+01
9.975000E+00
9.950000E+00
9.925000E+00
9.900000E+00
9.875000E+00
9.850000E+00
9.825000E+00
9.800000E+00
9.775000E+00
9.750000E+00
9.725000E+00
9.700000E+00
9.675000E+00
9.650000E+00
9.625000E+00
9.600000E+00
9.575000E+00
9.550000E+00
9.525000E+00
9.500000E+00
9.475000E+00
9.450000E+00
9.425000E+00
9.400000E+00
9.375000E+00
9.350000E+00
9.325000E+00
9.300000E+00
9.275000E+00
9.250000E+00
9.225000E+00
9.200000E+00
9.175000E+00
9.150000E+00
9.125000E+00
9.100000E+00
9.075000E+00
9.050000E+00
9.025000E+00
9.000000E+00
8.975000E+00
8.950000E+00
8.925000E+00
8.900000E+00
8.875000E+00
8.850000E+00
8.825000E+00
8.800000E+00
8.775000E+00
8.750000E+00
8.725000E+00
8.700000E+00
8.675000E+00
8.650000E+00
8.625000E+00
8.600000E+00
8.575000E+00
8.550000E+00
8.525000E+00
8.500000E+00
8.475000E+00
8.450000E+00
8.425000E+00
8.400000E+00
8.375000E+00
8.350000E+00
8.325000E+00
8.300000E+00
8.275000E+00
8.250000E+00
8.225000E+00
8.200000E+00
8.175000E+00
8.150000E+00
8.125000E+00
8.100000E+00
8.075000E+00
8.050000E+00
8.025000E+00
8.000000E+00
7.975000E+00
7.950000E+00
7.925000E+00
7.900000E+00
7.875000E+00
7.850000E+00
7.825000E+00
7.800000E+00
7.775000E+00
7.750000E+00
7.725000E+00
7.700000E+00
7.675000E+00
7.650000E+00
7.625000E+00
7.600000E+00
7.575000E+00
7.550000E+00
7.525000E+00
7.500000E+00
7.475000E+00
7.450000E+00
7.425000E+00
7.400000E+00
7.375000E+00
7.350000E+00
7.325000E+00
7.300000E+00
7.275000E+00
7.250000E+00
7.225000E+00
7.200000E+00
7.175000E+00
7.150000E+00
7.125000E+00
7.100000E+00
7.075000E+00
7.050000E+00
7.025000E+00
7.000000E+00
6.975000E+00
6.950000E+00
6.925000E+00
6.900000E+00
6.875000E+00
6.850000E+00
6.825000E+00
6.800000E+00
6.775000E+00
6.750000E+00
6.725000E+00
6.700000E+00
6.675000E+00
6.650000E+00
6.625000E+00
6.600000E+00
6.575000E+00
6.550000E+00
6.525000E+00
6.500000E+00
6.475000E+00
6.450000E+00
6.425000E+00
6.400000E+00
6.375000E+00
6.350000E+00
6.325000E+00
6.300000E+00
6.275000E+00
6.250000E+00
6.225000E+00
6.200000E+00
6.175000E+00
6.150000E+00
6.125000E+00
6.100000E+00
6.075000E+00
6.050000E+00
6.025000E+00
6.000000E+00
5.975000E+00
5.950000E+00
5.925000E+00
5.900000E+00
5.875000E+00
5.850000E+00
5.825000E+00
5.800000E+00
5.775000E+00
5.750000E+00
5.725000E+00
5.700000E+00
5.675000E+00
5.650000E+00
5.625000E+00
5.600000E+00
5.575000E+00
5.550000E+00
5.525000E+00
5.500000E+00
5.475000E+00
5.450000E+00
5.425000E+00
5.400000E+00
5.375000E+00
5.350000E+00
5.325000E+00
5.300000E+00
5.275000E+00
5.250000E+00
5.225000E+00
5.200000E+00
5.175000E+00
5.150000E+00
5.125000E+00
5.100000E+00
5.075000E+00
5.050000E+00
5.025000E+00
5.000000E+00
4.975000E+00
4.950000E+00
4.925000E+00
4.900000E+00
4.875000E+00
4.850000E+00
4.825000E+00
4.800000E+00
4.775000E+00
4.750000E+00
4.725000E+00
4.700000E+00
4.675000E+00
4.650000E+00
4.625000E+00
4.600000E+00
4.575000E+00
4.550000E+00
4.525000E+00
4.500000E+00
4.475000E+00
4.450000E+00
4.425000E+00
4.400000E+00
4.375000E+00
4.350000E+00
4.325000E+00
4.300000E+00
4.275000E+00
4.250000E+00
4.225000E+00
4.200000E+00
4.175000E+00
4.150000E+00
4.125000E+00
4.100000E+00
4.075000E+00
4.050000E+00
4.025000E+00
4.000000E+00
3.975000E+00
3.950000E+00
3.925000E+00
3.900000E+00
3.875000E+00
3.850000E+00
3.825000E+00
3.800000E+00
3.775000E+00
3.750000E+00
3.725000E+00
3.700000E+00
3.675000E+00
3.650000E+00
3.625000E+00
3.600000E+00
3.575000E+00
3.550000E+00
3.525000E+00
3.500000E+00
3.475000E+00
3.450000E+00
3.425000E+00
3.400000E+00
3.375000E+00
3.350000E+00
3.325000E+00
3.300000E+00
3.275000E+00
3.250000E+00
3.225000E+00
3.200000E+00
3.175000E+00
3.150000E+00
3.125000E+00
3.100000E+00
3.075000E+00
3.050000E+00
3.025000E+00
3.000000E+00
2.975000E+00
2.950000E+00
2.925000E+00
2.900000E+00
2.875000E+00
2.850000E+00
2.825000E+00
2.800000E+00
2.775000E+00
2.750000E+00
2.725000E+00
2.700000E+00
2.675000E+00
2.650000E+00
2.625000E+00
2.600000E+00
2.575000E+00
2.550000E+00
2.525000E+00
2.500000E+00
2.475000E+00
2.450000E+00
2.425000E+00
2.400000E+00
2.375000E+00
2.350000E+00
2.325000E+00
2.300000E+00
2.275000E+00
2.250000E+00
2.225000E+00
2.200000E+00
2.175000E+00
2.150000E+00
2.125000E+00
2.100000E+00
2.075000E+00
2.050000E+00
2.025000E+00
2.000000E+00
1.975000E+00
1.950000E+00
1.925000E+00
1.900000E+00
1.875000E+00
1.850000E+00
1.825000E+00
1.800000E+00
1.775000E+00
1.750000E+00
1.725000E+00
1.700000E+00
1.675000E+00
1.650000E+00
1.625000E+00
1.600000E+00
1.575000E+00
1.550000E+00
1.525000E+00
1.500000E+00
1.475000E+00
1.450000E+00
1.425000E+00
1.400000E+00
1.375000E+00
1.350000E+00
1.325000E+00
1.300000E+00
1.275000E+00
1.250000E+00
1.225000E+00
1.200000E+00
1.175000E+00
1.150000E+00
1.125000E+00
1.100000E+00
1.075000E+00
1.050000E+00
1.025000E+00
1.000000E+00
9.750000E-01
9.500000E-01
9.250000E-01
9.000000E-01
8.750000E-01
8.500000E-01
8.250000E-01
8.000000E-01
7.750000E-01
7.500000E-01
7.250000E-01
7.000000E-01
6.750000E-01
6.500000E-01
6.250000E-01
6.000000E-01
5.750000E-01
5.500000E-01
5.248075E-01
5.011872E-01
4.786301E-01
4.570882E-01
4.365158E-01
4.168694E-01
3.981072E-01
3.801894E-01
3.630781E-01
3.467369E-01
3.311311E-01
3.162278E-01
3.019952E-01
2.884032E-01
2.754229E-01
2.630268E-01
2.511886E-01
2.398833E-01
2.290868E-01
2.187762E-01
2.089296E-01
1.995262E-01
1.905461E-01
1.819701E-01
1.737801E-01
1.659587E-01
1.584893E-01
1.513561E-01
1.445440E-01
1.380384E-01
1.318257E-01
1.258925E-01
1.202264E-01
1.148154E-01
1.096478E-01
1.047129E-01
1.000000E-01
9.549926E-02
9.120108E-02
8.709636E-02
8.317638E-02
7.943282E-02
7.585776E-02
7.244360E-02
6.918310E-02
6.606934E-02
6.309573E-02
6.025596E-02
5.754399E-02
5.495409E-02
5.248075E-02
5.011872E-02
4.786301E-02
4.570882E-02
4.365158E-02
4.168694E-02
3.981072E-02
3.801894E-02
3.630781E-02
3.467369E-02
3.311311E-02
3.162278E-02
3.019952E-02
2.884032E-02
2.754229E-02
2.630268E-02
2.511886E-02
2.398833E-02
2.290868E-02
2.187762E-02
2.089296E-02
1.995262E-02
1.905461E-02
1.819701E-02
1.737801E-02
1.659587E-02
1.584893E-02
1.513561E-02
1.445440E-02
1.380384E-02
1.318257E-02
1.258925E-02
1.202264E-02
1.148154E-02
1.096478E-02
1.047129E-02
1.000000E-02
9.549926E-03
9.120108E-03
8.709636E-03
8.317638E-03
7.943282E-03
7.585776E-03
7.244360E-03
6.918310E-03
6.606934E-03
6.309573E-03
6.025596E-03
5.754399E-03
5.495409E-03
5.248075E-03
5.011872E-03
4.786301E-03
4.570882E-03
4.365158E-03
4.168694E-03
3.981072E-03
3.801894E-03
3.630781E-03
3.467369E-03
3.311311E-03
3.162278E-03
3.019952E-03
2.884032E-03
2.754229E-03
2.630268E-03
2.511886E-03
2.398833E-03
2.290868E-03
2.187762E-03
2.089296E-03
1.995262E-03
1.905461E-03
1.819701E-03
1.737801E-03
1.659587E-03
1.584893E-03
1.513561E-03
1.445440E-03
1.380384E-03
1.318257E-03
1.258925E-03
1.202264E-03
1.148154E-03
1.096478E-03
1.047129E-03
1.000000E-03
9.549926E-04
9.120108E-04
8.709636E-04
8.317638E-04
7.943282E-04
7.585776E-04
7.244360E-04
6.918310E-04
6.606934E-04
6.309573E-04
6.025596E-04
5.754399E-04
5.495409E-04
5.248075E-04
5.011872E-04
4.786301E-04
4.570882E-04
4.365158E-04
4.168694E-04
3.981072E-04
3.801894E-04
3.630781E-04
3.467369E-04
3.311311E-04
3.162278E-04
3.019952E-04
2.884032E-04
2.754229E-04
2.630268E-04
2.511886E-04
2.398833E-04
2.290868E-04
2.187762E-04
2.089296E-04
1.995262E-04
1.905461E-04
1.819701E-04
1.737801E-04
1.659587E-04
1.584893E-04
1.513561E-04
1.445440E-04
1.380384E-04
1.318257E-04
1.258925E-04
1.202264E-04
1.148154E-04
1.096478E-04
1.047129E-04
1.000000E-04
9.549926E-05
9.120108E-05
8.709636E-05
8.317638E-05
7.943282E-05
7.585776E-05
7.244360E-05
6.918310E-05
6.606934E-05
6.309573E-05
6.025596E-05
5.754399E-05
5.495409E-05
5.248075E-05
5.011872E-05
4.786301E-05
4.570882E-05
4.365158E-05
4.168694E-05
3.981072E-05
3.801894E-05
3.630781E-05
3.467369E-05
3.311311E-05
3.162278E-05
3.019952E-05
2.884032E-05
2.754229E-05
2.630268E-05
2.511886E-05
2.398833E-05
2.290868E-05
2.187762E-05
2.089296E-05
1.995262E-05
1.905461E-05
1.819701E-05
1.737801E-05
1.659587E-05
1.584893E-05
1.513561E-05
1.445440E-05
1.380384E-05
1.318257E-05
1.258925E-05
1.202264E-05
1.148154E-05
1.096478E-05
1.047129E-05
1.000000E-05 