 'mjd','100u','101u','102u','103u','104u','105u','106u','107u','108u','109u','110u', '0u'
      , 'ab' , 'ab' , 'ab' , 'ab' , 'ab' , 'ab' , 'ab' , 'ab' , 'ab' , 'ab' , 'ab' ,  'c'
 0.000, 0.000, 0.000, 0.000, 0.000, 0.000, 0.000, 0.000, 0.000, 0.000, 0.000, 0.000, 0.000
 0.002, 0.000, 0.000, 0.001, 0.001, 0.001, 0.000, 0.000, 0.000, 0.002, 0.001, 0.001, 0.000
 0.004, 0.001, 0.000, 0.001, 0.002, 0.002, 0.002, 0.001, 0.000, 0.003, 0.002, 0.001, 0.000
 0.006, 0.002, 0.001, 0.002, 0.003, 0.003, 0.004, 0.003, 0.001, 0.004, 0.003, 0.002, 0.000
 0.008, 0.003, 0.002, 0.003, 0.005, 0.005, 0.007, 0.005, 0.002, 0.006, 0.004, 0.003, 0.001
 0.010, 0.005, 0.004, 0.004, 0.008, 0.006, 0.011, 0.008, 0.003, 0.009, 0.006, 0.005, 0.001
 0.012, 0.007, 0.006, 0.006, 0.011, 0.009, 0.015, 0.012, 0.004, 0.011, 0.008, 0.006, 0.002
 0.014, 0.009, 0.008, 0.007, 0.014, 0.011, 0.021, 0.016, 0.006, 0.014, 0.010, 0.008, 0.002
 0.016, 0.012, 0.010, 0.009, 0.018, 0.014, 0.026, 0.020, 0.008, 0.017, 0.013, 0.010, 0.003
 0.018, 0.015, 0.013, 0.011, 0.022, 0.017, 0.033, 0.025, 0.010, 0.021, 0.015, 0.013, 0.004
 0.020, 0.018, 0.016, 0.013, 0.026, 0.020, 0.039, 0.030, 0.012, 0.024, 0.018, 0.016, 0.005
 0.022, 0.021, 0.019, 0.016, 0.031, 0.023, 0.046, 0.035, 0.015, 0.028, 0.021, 0.018, 0.006
 0.024, 0.025, 0.022, 0.018, 0.035, 0.026, 0.052, 0.040, 0.018, 0.032, 0.025, 0.021, 0.007
 0.026, 0.028, 0.025, 0.020, 0.040, 0.030, 0.059, 0.045, 0.022, 0.036, 0.028, 0.025, 0.008
 0.028, 0.031, 0.028, 0.023, 0.044, 0.033, 0.066, 0.050, 0.025, 0.040, 0.031, 0.028, 0.009
 0.030, 0.035, 0.032, 0.025, 0.048, 0.036, 0.072, 0.055, 0.029, 0.044, 0.035, 0.031, 0.010
 0.032, 0.039, 0.035, 0.028, 0.052, 0.040, 0.079, 0.060, 0.034, 0.047, 0.039, 0.035, 0.012
 0.034, 0.042, 0.038, 0.031, 0.057, 0.043, 0.085, 0.064, 0.038, 0.051, 0.043, 0.039, 0.013
 0.036, 0.046, 0.042, 0.033, 0.061, 0.046, 0.091, 0.069, 0.043, 0.056, 0.047, 0.043, 0.015
 0.038, 0.050, 0.045, 0.036, 0.065, 0.050, 0.097, 0.073, 0.048, 0.060, 0.052, 0.047, 0.017
 0.040, 0.054, 0.049, 0.039, 0.069, 0.054, 0.103, 0.078, 0.054, 0.064, 0.056, 0.051, 0.019
 0.042, 0.058, 0.052, 0.042, 0.074, 0.057, 0.110, 0.083, 0.059, 0.068, 0.061, 0.056, 0.020
 0.044, 0.062, 0.056, 0.045, 0.078, 0.061, 0.116, 0.087, 0.065, 0.073, 0.066, 0.061, 0.023
 0.046, 0.066, 0.060, 0.049, 0.083, 0.065, 0.122, 0.092, 0.071, 0.077, 0.071, 0.066, 0.025
 0.048, 0.070, 0.064, 0.052, 0.087, 0.069, 0.128, 0.097, 0.077, 0.082, 0.076, 0.071, 0.027
 0.050, 0.074, 0.069, 0.055, 0.092, 0.073, 0.134, 0.102, 0.084, 0.087, 0.082, 0.076, 0.029
 0.052, 0.078, 0.073, 0.059, 0.097, 0.077, 0.140, 0.107, 0.090, 0.092, 0.088, 0.082, 0.032
 0.054, 0.083, 0.077, 0.063, 0.102, 0.082, 0.146, 0.112, 0.097, 0.097, 0.094, 0.088, 0.034
 0.056, 0.087, 0.082, 0.067, 0.107, 0.086, 0.153, 0.117, 0.103, 0.102, 0.100, 0.094, 0.037
 0.058, 0.092, 0.087, 0.071, 0.112, 0.091, 0.159, 0.122, 0.110, 0.108, 0.106, 0.100, 0.039
 0.060, 0.096, 0.091, 0.075, 0.117, 0.095, 0.165, 0.127, 0.116, 0.113, 0.113, 0.106, 0.042
 0.062, 0.101, 0.096, 0.079, 0.122, 0.100, 0.171, 0.132, 0.123, 0.119, 0.119, 0.113, 0.045
 0.064, 0.106, 0.101, 0.083, 0.127, 0.105, 0.177, 0.138, 0.129, 0.125, 0.126, 0.120, 0.048
 0.066, 0.111, 0.107, 0.088, 0.133, 0.110, 0.183, 0.143, 0.136, 0.130, 0.133, 0.126, 0.051
 0.068, 0.116, 0.112, 0.092, 0.138, 0.115, 0.189, 0.148, 0.142, 0.136, 0.141, 0.134, 0.054
 0.070, 0.121, 0.117, 0.097, 0.144, 0.120, 0.195, 0.153, 0.148, 0.143, 0.148, 0.141, 0.057
 0.072, 0.126, 0.123, 0.102, 0.149, 0.126, 0.201, 0.158, 0.154, 0.149, 0.156, 0.148, 0.061
 0.074, 0.131, 0.129, 0.106, 0.155, 0.131, 0.207, 0.164, 0.160, 0.155, 0.163, 0.156, 0.064
 0.076, 0.137, 0.134, 0.111, 0.160, 0.136, 0.213, 0.169, 0.166, 0.161, 0.171, 0.163, 0.067
 0.078, 0.142, 0.140, 0.116, 0.166, 0.142, 0.219, 0.174, 0.171, 0.167, 0.178, 0.171, 0.071
 0.080, 0.147, 0.146, 0.121, 0.171, 0.147, 0.225, 0.179, 0.177, 0.174, 0.186, 0.178, 0.074
 0.082, 0.153, 0.152, 0.126, 0.177, 0.152, 0.230, 0.185, 0.182, 0.180, 0.194, 0.186, 0.078
 0.084, 0.158, 0.157, 0.131, 0.183, 0.158, 0.236, 0.190, 0.188, 0.186, 0.201, 0.193, 0.082
 0.086, 0.164, 0.163, 0.135, 0.188, 0.163, 0.242, 0.195, 0.193, 0.192, 0.208, 0.200, 0.085
 0.088, 0.169, 0.169, 0.140, 0.194, 0.168, 0.248, 0.200, 0.198, 0.198, 0.215, 0.207, 0.089
 0.090, 0.175, 0.175, 0.145, 0.199, 0.174, 0.253, 0.206, 0.203, 0.204, 0.222, 0.214, 0.092
 0.092, 0.180, 0.180, 0.150, 0.205, 0.179, 0.259, 0.211, 0.209, 0.210, 0.229, 0.221, 0.096
 0.094, 0.186, 0.186, 0.155, 0.210, 0.184, 0.265, 0.216, 0.214, 0.216, 0.236, 0.228, 0.099
 0.096, 0.191, 0.191, 0.160, 0.216, 0.190, 0.270, 0.221, 0.219, 0.222, 0.242, 0.234, 0.103
 0.098, 0.197, 0.197, 0.165, 0.221, 0.195, 0.276, 0.226, 0.224, 0.227, 0.249, 0.241, 0.106
 0.100, 0.202, 0.202, 0.170, 0.226, 0.200, 0.281, 0.231, 0.229, 0.233, 0.255, 0.247, 0.110
 0.102, 0.208, 0.208, 0.174, 0.232, 0.205, 0.287, 0.237, 0.234, 0.238, 0.261, 0.253, 0.113
 0.104, 0.213, 0.213, 0.179, 0.237, 0.210, 0.292, 0.242, 0.238, 0.244, 0.267, 0.259, 0.117
 0.106, 0.219, 0.218, 0.184, 0.242, 0.216, 0.297, 0.247, 0.243, 0.249, 0.273, 0.265, 0.121
 0.108, 0.224, 0.223, 0.189, 0.247, 0.221, 0.303, 0.252, 0.248, 0.254, 0.279, 0.271, 0.124
 0.110, 0.229, 0.228, 0.194, 0.252, 0.226, 0.308, 0.257, 0.252, 0.260, 0.284, 0.277, 0.128
 0.112, 0.234, 0.233, 0.198, 0.257, 0.231, 0.313, 0.261, 0.256, 0.265, 0.290, 0.283, 0.132
 0.114, 0.239, 0.238, 0.203, 0.262, 0.236, 0.318, 0.266, 0.261, 0.270, 0.295, 0.288, 0.135
 0.116, 0.244, 0.243, 0.208, 0.267, 0.241, 0.323, 0.271, 0.265, 0.275, 0.301, 0.294, 0.139
 0.118, 0.249, 0.248, 0.213, 0.271, 0.246, 0.328, 0.276, 0.269, 0.279, 0.306, 0.299, 0.143
 0.120, 0.254, 0.252, 0.217, 0.276, 0.251, 0.333, 0.281, 0.273, 0.284, 0.311, 0.305, 0.146
 0.122, 0.259, 0.257, 0.222, 0.281, 0.256, 0.338, 0.285, 0.277, 0.289, 0.316, 0.310, 0.150
 0.124, 0.263, 0.261, 0.227, 0.285, 0.260, 0.342, 0.290, 0.281, 0.293, 0.321, 0.315, 0.154
 0.126, 0.268, 0.266, 0.232, 0.290, 0.265, 0.347, 0.294, 0.285, 0.298, 0.326, 0.320, 0.157
 0.128, 0.273, 0.270, 0.236, 0.294, 0.270, 0.352, 0.299, 0.289, 0.302, 0.330, 0.325, 0.161
 0.130, 0.277, 0.274, 0.241, 0.299, 0.275, 0.356, 0.304, 0.293, 0.307, 0.335, 0.330, 0.165
 0.132, 0.282, 0.279, 0.246, 0.303, 0.280, 0.361, 0.308, 0.297, 0.311, 0.339, 0.334, 0.169
 0.134, 0.287, 0.283, 0.250, 0.307, 0.284, 0.365, 0.313, 0.301, 0.315, 0.343, 0.339, 0.172
 0.136, 0.291, 0.287, 0.255, 0.312, 0.289, 0.370, 0.317, 0.306, 0.319, 0.347, 0.343, 0.176
 0.138, 0.296, 0.291, 0.260, 0.316, 0.294, 0.374, 0.322, 0.310, 0.323, 0.351, 0.348, 0.180
 0.140, 0.300, 0.295, 0.265, 0.320, 0.298, 0.379, 0.326, 0.314, 0.327, 0.355, 0.352, 0.184
 0.142, 0.304, 0.298, 0.269, 0.324, 0.303, 0.383, 0.330, 0.318, 0.331, 0.359, 0.356, 0.187
 0.144, 0.309, 0.302, 0.274, 0.328, 0.308, 0.387, 0.335, 0.322, 0.334, 0.362, 0.360, 0.191
 0.146, 0.313, 0.306, 0.279, 0.332, 0.312, 0.391, 0.339, 0.326, 0.338, 0.366, 0.364, 0.195
 0.148, 0.317, 0.310, 0.283, 0.336, 0.317, 0.395, 0.343, 0.330, 0.342, 0.370, 0.368, 0.199
 0.150, 0.321, 0.313, 0.288, 0.340, 0.321, 0.399, 0.348, 0.334, 0.345, 0.373, 0.372, 0.203
 0.152, 0.325, 0.317, 0.292, 0.344, 0.326, 0.403, 0.352, 0.338, 0.349, 0.377, 0.376, 0.207
 0.154, 0.329, 0.320, 0.297, 0.348, 0.330, 0.407, 0.356, 0.342, 0.353, 0.380, 0.380, 0.211
 0.156, 0.333, 0.324, 0.302, 0.352, 0.335, 0.411, 0.360, 0.346, 0.356, 0.384, 0.384, 0.215
 0.158, 0.337, 0.327, 0.306, 0.356, 0.339, 0.415, 0.364, 0.350, 0.360, 0.387, 0.388, 0.219
 0.160, 0.341, 0.331, 0.311, 0.359, 0.343, 0.419, 0.368, 0.354, 0.363, 0.391, 0.392, 0.223
 0.162, 0.345, 0.334, 0.315, 0.363, 0.348, 0.422, 0.372, 0.358, 0.367, 0.394, 0.395, 0.227
 0.164, 0.349, 0.337, 0.320, 0.367, 0.352, 0.426, 0.376, 0.362, 0.370, 0.398, 0.399, 0.231
 0.166, 0.353, 0.341, 0.324, 0.371, 0.356, 0.430, 0.380, 0.366, 0.374, 0.401, 0.403, 0.235
 0.168, 0.357, 0.344, 0.329, 0.375, 0.361, 0.434, 0.384, 0.371, 0.377, 0.405, 0.407, 0.240
 0.170, 0.361, 0.348, 0.333, 0.378, 0.365, 0.437, 0.388, 0.375, 0.381, 0.409, 0.411, 0.244
 0.172, 0.365, 0.351, 0.338, 0.382, 0.369, 0.441, 0.392, 0.379, 0.384, 0.412, 0.415, 0.248
 0.174, 0.369, 0.355, 0.342, 0.386, 0.373, 0.445, 0.396, 0.383, 0.388, 0.416, 0.419, 0.253
 0.176, 0.373, 0.358, 0.347, 0.390, 0.377, 0.449, 0.400, 0.387, 0.392, 0.420, 0.422, 0.257
 0.178, 0.377, 0.362, 0.351, 0.394, 0.382, 0.452, 0.404, 0.391, 0.395, 0.423, 0.426, 0.261
 0.180, 0.381, 0.365, 0.355, 0.397, 0.386, 0.456, 0.408, 0.395, 0.399, 0.427, 0.430, 0.266
 0.182, 0.386, 0.369, 0.360, 0.401, 0.390, 0.460, 0.412, 0.399, 0.403, 0.431, 0.434, 0.270
 0.184, 0.390, 0.373, 0.364, 0.405, 0.394, 0.463, 0.416, 0.403, 0.406, 0.434, 0.438, 0.275
 0.186, 0.394, 0.376, 0.369, 0.409, 0.398, 0.467, 0.420, 0.407, 0.410, 0.438, 0.442, 0.280
 0.188, 0.398, 0.380, 0.373, 0.413, 0.402, 0.471, 0.424, 0.412, 0.414, 0.442, 0.446, 0.284
 0.190, 0.402, 0.383, 0.377, 0.417, 0.406, 0.474, 0.428, 0.416, 0.417, 0.446, 0.449, 0.289
 0.192, 0.407, 0.387, 0.381, 0.421, 0.410, 0.478, 0.432, 0.420, 0.421, 0.449, 0.453, 0.294
 0.194, 0.411, 0.391, 0.386, 0.424, 0.413, 0.481, 0.436, 0.424, 0.425, 0.453, 0.457, 0.298
 0.196, 0.415, 0.394, 0.390, 0.428, 0.417, 0.485, 0.439, 0.428, 0.428, 0.457, 0.461, 0.303
 0.198, 0.420, 0.398, 0.394, 0.432, 0.421, 0.489, 0.443, 0.432, 0.432, 0.461, 0.465, 0.308
 0.200, 0.424, 0.401, 0.398, 0.436, 0.425, 0.492, 0.447, 0.436, 0.436, 0.464, 0.469, 0.313
 0.202, 0.429, 0.405, 0.403, 0.440, 0.429, 0.496, 0.451, 0.440, 0.439, 0.468, 0.472, 0.318
 0.204, 0.433, 0.409, 0.407, 0.443, 0.432, 0.499, 0.455, 0.444, 0.443, 0.472, 0.476, 0.323
 0.206, 0.437, 0.412, 0.411, 0.447, 0.436, 0.503, 0.458, 0.448, 0.447, 0.476, 0.480, 0.328
 0.208, 0.442, 0.416, 0.415, 0.451, 0.440, 0.507, 0.462, 0.452, 0.451, 0.480, 0.484, 0.333
 0.210, 0.446, 0.420, 0.419, 0.455, 0.443, 0.510, 0.466, 0.456, 0.454, 0.483, 0.487, 0.338
 0.212, 0.451, 0.423, 0.424, 0.459, 0.447, 0.514, 0.470, 0.460, 0.458, 0.487, 0.491, 0.343
 0.214, 0.456, 0.427, 0.428, 0.463, 0.451, 0.517, 0.473, 0.464, 0.462, 0.491, 0.495, 0.348
 0.216, 0.460, 0.431, 0.432, 0.467, 0.454, 0.521, 0.477, 0.468, 0.466, 0.495, 0.499, 0.353
 0.218, 0.465, 0.435, 0.436, 0.471, 0.458, 0.524, 0.481, 0.471, 0.470, 0.499, 0.503, 0.358
 0.220, 0.469, 0.438, 0.440, 0.474, 0.461, 0.528, 0.484, 0.475, 0.473, 0.503, 0.506, 0.363
 0.222, 0.474, 0.442, 0.444, 0.478, 0.465, 0.531, 0.488, 0.479, 0.477, 0.507, 0.510, 0.369
 0.224, 0.479, 0.446, 0.448, 0.482, 0.468, 0.535, 0.492, 0.483, 0.481, 0.510, 0.514, 0.374
 0.226, 0.483, 0.450, 0.452, 0.486, 0.472, 0.538, 0.495, 0.486, 0.485, 0.514, 0.517, 0.379
 0.228, 0.488, 0.453, 0.456, 0.490, 0.475, 0.542, 0.499, 0.490, 0.488, 0.518, 0.521, 0.384
 0.230, 0.493, 0.457, 0.460, 0.494, 0.479, 0.545, 0.502, 0.494, 0.492, 0.522, 0.525, 0.390
 0.232, 0.498, 0.461, 0.464, 0.497, 0.482, 0.549, 0.506, 0.497, 0.496, 0.525, 0.528, 0.395
 0.234, 0.502, 0.464, 0.468, 0.501, 0.485, 0.552, 0.509, 0.501, 0.500, 0.529, 0.532, 0.400
 0.236, 0.507, 0.468, 0.472, 0.505, 0.489, 0.555, 0.513, 0.505, 0.503, 0.532, 0.535, 0.405
 0.238, 0.512, 0.472, 0.475, 0.508, 0.492, 0.559, 0.516, 0.508, 0.507, 0.536, 0.539, 0.411
 0.240, 0.516, 0.475, 0.479, 0.512, 0.495, 0.562, 0.520, 0.512, 0.511, 0.540, 0.542, 0.416
 0.242, 0.521, 0.479, 0.483, 0.516, 0.499, 0.565, 0.523, 0.515, 0.514, 0.543, 0.546, 0.421
 0.244, 0.525, 0.482, 0.487, 0.519, 0.502, 0.569, 0.526, 0.519, 0.518, 0.547, 0.549, 0.427
 0.246, 0.530, 0.486, 0.491, 0.523, 0.505, 0.572, 0.530, 0.522, 0.521, 0.550, 0.552, 0.432
 0.248, 0.534, 0.489, 0.494, 0.526, 0.509, 0.575, 0.533, 0.526, 0.525, 0.553, 0.556, 0.437
 0.250, 0.539, 0.493, 0.498, 0.530, 0.512, 0.578, 0.536, 0.529, 0.529, 0.557, 0.559, 0.443
 0.252, 0.543, 0.496, 0.502, 0.533, 0.515, 0.581, 0.540, 0.532, 0.532, 0.560, 0.562, 0.448
 0.254, 0.547, 0.500, 0.505, 0.537, 0.519, 0.584, 0.543, 0.536, 0.536, 0.564, 0.566, 0.453
 0.256, 0.551, 0.503, 0.509, 0.540, 0.522, 0.587, 0.546, 0.539, 0.539, 0.567, 0.569, 0.459
 0.258, 0.555, 0.507, 0.513, 0.544, 0.525, 0.590, 0.549, 0.542, 0.543, 0.570, 0.572, 0.464
 0.260, 0.559, 0.510, 0.516, 0.547, 0.528, 0.593, 0.553, 0.546, 0.546, 0.573, 0.575, 0.470
 0.262, 0.563, 0.514, 0.520, 0.550, 0.532, 0.596, 0.556, 0.549, 0.549, 0.577, 0.578, 0.475
 0.264, 0.567, 0.517, 0.523, 0.554, 0.535, 0.599, 0.559, 0.552, 0.553, 0.580, 0.582, 0.480
 0.266, 0.571, 0.520, 0.527, 0.557, 0.538, 0.602, 0.562, 0.555, 0.556, 0.583, 0.585, 0.486
 0.268, 0.575, 0.524, 0.531, 0.560, 0.541, 0.605, 0.565, 0.559, 0.560, 0.586, 0.588, 0.491
 0.270, 0.579, 0.527, 0.534, 0.564, 0.544, 0.607, 0.568, 0.562, 0.563, 0.589, 0.591, 0.497
 0.272, 0.583, 0.530, 0.537, 0.567, 0.548, 0.610, 0.571, 0.565, 0.566, 0.592, 0.594, 0.502
 0.274, 0.587, 0.534, 0.541, 0.570, 0.551, 0.613, 0.574, 0.568, 0.570, 0.595, 0.597, 0.508
 0.276, 0.591, 0.537, 0.544, 0.573, 0.554, 0.616, 0.577, 0.572, 0.573, 0.598, 0.600, 0.513
 0.278, 0.594, 0.540, 0.548, 0.576, 0.557, 0.618, 0.580, 0.575, 0.576, 0.601, 0.603, 0.519
 0.280, 0.598, 0.543, 0.551, 0.579, 0.560, 0.621, 0.583, 0.578, 0.580, 0.604, 0.606, 0.524
 0.282, 0.602, 0.546, 0.554, 0.582, 0.563, 0.623, 0.586, 0.581, 0.583, 0.607, 0.609, 0.530
 0.284, 0.605, 0.550, 0.558, 0.585, 0.566, 0.626, 0.589, 0.584, 0.586, 0.610, 0.611, 0.535
 0.286, 0.609, 0.553, 0.561, 0.588, 0.569, 0.629, 0.591, 0.588, 0.589, 0.613, 0.614, 0.541
 0.288, 0.612, 0.556, 0.564, 0.591, 0.572, 0.631, 0.594, 0.591, 0.593, 0.616, 0.617, 0.546
 0.290, 0.616, 0.559, 0.568, 0.594, 0.575, 0.633, 0.597, 0.594, 0.596, 0.619, 0.620, 0.552
 0.292, 0.619, 0.562, 0.571, 0.597, 0.578, 0.636, 0.600, 0.597, 0.599, 0.621, 0.623, 0.557
 0.294, 0.622, 0.565, 0.574, 0.600, 0.582, 0.638, 0.602, 0.600, 0.602, 0.624, 0.626, 0.563
 0.296, 0.625, 0.568, 0.577, 0.603, 0.585, 0.640, 0.605, 0.604, 0.605, 0.627, 0.628, 0.568
 0.298, 0.629, 0.571, 0.581, 0.606, 0.588, 0.643, 0.608, 0.607, 0.608, 0.630, 0.631, 0.573
 0.300, 0.632, 0.574, 0.584, 0.609, 0.591, 0.645, 0.610, 0.610, 0.612, 0.633, 0.634, 0.579
 0.302, 0.635, 0.577, 0.587, 0.611, 0.594, 0.647, 0.613, 0.613, 0.615, 0.635, 0.637, 0.584
 0.304, 0.638, 0.580, 0.590, 0.614, 0.597, 0.650, 0.616, 0.616, 0.618, 0.638, 0.639, 0.589
 0.306, 0.641, 0.583, 0.593, 0.617, 0.600, 0.652, 0.618, 0.620, 0.621, 0.641, 0.642, 0.594
 0.308, 0.644, 0.586, 0.597, 0.620, 0.602, 0.654, 0.621, 0.623, 0.624, 0.644, 0.645, 0.599
 0.310, 0.647, 0.589, 0.600, 0.623, 0.605, 0.656, 0.624, 0.626, 0.627, 0.647, 0.648, 0.604
 0.312, 0.651, 0.592, 0.603, 0.625, 0.608, 0.659, 0.627, 0.629, 0.630, 0.649, 0.650, 0.609
 0.314, 0.654, 0.595, 0.606, 0.628, 0.611, 0.661, 0.629, 0.632, 0.633, 0.652, 0.653, 0.614
 0.316, 0.657, 0.598, 0.610, 0.631, 0.614, 0.663, 0.632, 0.635, 0.636, 0.655, 0.656, 0.619
 0.318, 0.660, 0.601, 0.613, 0.634, 0.617, 0.666, 0.635, 0.639, 0.638, 0.658, 0.659, 0.624
 0.320, 0.663, 0.604, 0.616, 0.636, 0.620, 0.668, 0.637, 0.642, 0.641, 0.661, 0.661, 0.629
 0.322, 0.666, 0.606, 0.619, 0.639, 0.623, 0.670, 0.640, 0.645, 0.644, 0.663, 0.664, 0.633
 0.324, 0.669, 0.609, 0.622, 0.642, 0.626, 0.673, 0.643, 0.648, 0.647, 0.666, 0.667, 0.638
 0.326, 0.672, 0.612, 0.626, 0.645, 0.629, 0.675, 0.646, 0.651, 0.650, 0.669, 0.669, 0.643
 0.328, 0.675, 0.615, 0.629, 0.647, 0.632, 0.678, 0.649, 0.654, 0.653, 0.672, 0.672, 0.647
 0.330, 0.679, 0.618, 0.632, 0.650, 0.635, 0.680, 0.651, 0.658, 0.655, 0.674, 0.675, 0.652
 0.332, 0.682, 0.620, 0.635, 0.653, 0.638, 0.683, 0.654, 0.661, 0.658, 0.677, 0.678, 0.656
 0.334, 0.685, 0.623, 0.638, 0.655, 0.640, 0.685, 0.657, 0.664, 0.661, 0.680, 0.680, 0.661
 0.336, 0.688, 0.626, 0.641, 0.658, 0.643, 0.687, 0.660, 0.667, 0.664, 0.683, 0.683, 0.665
 0.338, 0.691, 0.628, 0.645, 0.661, 0.646, 0.690, 0.662, 0.670, 0.666, 0.685, 0.686, 0.669
 0.340, 0.694, 0.631, 0.648, 0.663, 0.649, 0.693, 0.665, 0.673, 0.669, 0.688, 0.688, 0.674
 0.342, 0.697, 0.634, 0.651, 0.666, 0.652, 0.695, 0.668, 0.676, 0.672, 0.691, 0.691, 0.678
 0.344, 0.700, 0.636, 0.654, 0.669, 0.655, 0.698, 0.671, 0.679, 0.674, 0.694, 0.693, 0.682
 0.346, 0.704, 0.639, 0.657, 0.671, 0.658, 0.700, 0.674, 0.682, 0.677, 0.697, 0.696, 0.686
 0.348, 0.707, 0.642, 0.660, 0.674, 0.660, 0.703, 0.677, 0.686, 0.680, 0.699, 0.699, 0.690
 0.350, 0.710, 0.644, 0.664, 0.677, 0.663, 0.705, 0.680, 0.689, 0.682, 0.702, 0.701, 0.694
 0.352, 0.713, 0.647, 0.667, 0.679, 0.666, 0.708, 0.682, 0.692, 0.685, 0.705, 0.704, 0.698
 0.354, 0.716, 0.649, 0.670, 0.682, 0.669, 0.711, 0.685, 0.695, 0.687, 0.708, 0.707, 0.702
 0.356, 0.719, 0.652, 0.673, 0.684, 0.672, 0.713, 0.688, 0.697, 0.690, 0.710, 0.709, 0.706
 0.358, 0.722, 0.654, 0.676, 0.687, 0.674, 0.716, 0.691, 0.700, 0.692, 0.713, 0.712, 0.710
 0.360, 0.725, 0.657, 0.679, 0.690, 0.677, 0.719, 0.694, 0.703, 0.695, 0.716, 0.714, 0.714
 0.362, 0.728, 0.659, 0.682, 0.692, 0.680, 0.722, 0.697, 0.706, 0.697, 0.718, 0.717, 0.717
 0.364, 0.732, 0.662, 0.686, 0.695, 0.683, 0.724, 0.700, 0.709, 0.700, 0.721, 0.720, 0.721
 0.366, 0.735, 0.664, 0.689, 0.697, 0.686, 0.727, 0.703, 0.712, 0.702, 0.724, 0.722, 0.725
 0.368, 0.738, 0.667, 0.692, 0.700, 0.688, 0.730, 0.706, 0.715, 0.705, 0.727, 0.725, 0.729
 0.370, 0.741, 0.669, 0.695, 0.702, 0.691, 0.733, 0.709, 0.718, 0.707, 0.729, 0.727, 0.733
 0.372, 0.744, 0.672, 0.698, 0.705, 0.694, 0.735, 0.712, 0.720, 0.709, 0.732, 0.730, 0.737
 0.374, 0.747, 0.674, 0.701, 0.707, 0.696, 0.738, 0.714, 0.723, 0.712, 0.735, 0.732, 0.741
 0.376, 0.750, 0.677, 0.703, 0.710, 0.699, 0.741, 0.717, 0.726, 0.714, 0.737, 0.735, 0.745
 0.378, 0.753, 0.679, 0.706, 0.712, 0.702, 0.744, 0.720, 0.729, 0.717, 0.740, 0.737, 0.749
 0.380, 0.756, 0.682, 0.709, 0.715, 0.704, 0.747, 0.723, 0.731, 0.719, 0.743, 0.740, 0.753
 0.382, 0.759, 0.684, 0.712, 0.717, 0.707, 0.749, 0.726, 0.734, 0.722, 0.745, 0.742, 0.757
 0.384, 0.763, 0.687, 0.715, 0.720, 0.710, 0.752, 0.729, 0.737, 0.724, 0.748, 0.745, 0.761
 0.386, 0.766, 0.689, 0.717, 0.722, 0.712, 0.755, 0.731, 0.739, 0.727, 0.750, 0.747, 0.765
 0.388, 0.769, 0.692, 0.720, 0.725, 0.715, 0.757, 0.734, 0.742, 0.729, 0.753, 0.750, 0.769
 0.390, 0.772, 0.694, 0.723, 0.727, 0.718, 0.760, 0.737, 0.745, 0.732, 0.756, 0.752, 0.773
 0.392, 0.775, 0.697, 0.725, 0.730, 0.720, 0.763, 0.740, 0.747, 0.734, 0.758, 0.755, 0.777
 0.394, 0.777, 0.699, 0.728, 0.732, 0.723, 0.765, 0.742, 0.750, 0.737, 0.761, 0.757, 0.781
 0.396, 0.780, 0.702, 0.730, 0.735, 0.725, 0.768, 0.745, 0.752, 0.739, 0.763, 0.760, 0.785
 0.398, 0.783, 0.704, 0.733, 0.737, 0.728, 0.770, 0.747, 0.755, 0.742, 0.766, 0.762, 0.789
 0.400, 0.786, 0.707, 0.735, 0.739, 0.730, 0.773, 0.750, 0.757, 0.744, 0.768, 0.765, 0.793
 0.402, 0.789, 0.710, 0.738, 0.742, 0.733, 0.775, 0.753, 0.760, 0.747, 0.771, 0.767, 0.798
 0.404, 0.792, 0.712, 0.740, 0.744, 0.735, 0.778, 0.755, 0.762, 0.749, 0.773, 0.770, 0.802
 0.406, 0.795, 0.715, 0.743, 0.747, 0.738, 0.780, 0.758, 0.765, 0.752, 0.776, 0.772, 0.806
 0.408, 0.798, 0.717, 0.745, 0.749, 0.740, 0.783, 0.760, 0.767, 0.754, 0.778, 0.774, 0.810
 0.410, 0.801, 0.720, 0.747, 0.751, 0.743, 0.785, 0.763, 0.770, 0.757, 0.781, 0.777, 0.815
 0.412, 0.803, 0.723, 0.749, 0.754, 0.745, 0.788, 0.765, 0.772, 0.759, 0.783, 0.779, 0.819
 0.414, 0.806, 0.725, 0.752, 0.756, 0.748, 0.790, 0.768, 0.775, 0.762, 0.786, 0.781, 0.823
 0.416, 0.809, 0.728, 0.754, 0.758, 0.750, 0.792, 0.770, 0.777, 0.764, 0.788, 0.784, 0.828
 0.418, 0.812, 0.731, 0.756, 0.761, 0.752, 0.795, 0.772, 0.779, 0.767, 0.791, 0.786, 0.832
 0.420, 0.814, 0.733, 0.758, 0.763, 0.755, 0.797, 0.775, 0.782, 0.769, 0.793, 0.789, 0.837
 0.422, 0.817, 0.736, 0.760, 0.765, 0.757, 0.799, 0.777, 0.784, 0.772, 0.796, 0.791, 0.841
 0.424, 0.820, 0.739, 0.762, 0.768, 0.760, 0.801, 0.779, 0.786, 0.774, 0.798, 0.793, 0.846
 0.426, 0.823, 0.741, 0.764, 0.770, 0.762, 0.804, 0.782, 0.789, 0.777, 0.800, 0.796, 0.850
 0.428, 0.825, 0.744, 0.766, 0.772, 0.764, 0.806, 0.784, 0.791, 0.779, 0.803, 0.798, 0.854
 0.430, 0.828, 0.747, 0.768, 0.775, 0.767, 0.808, 0.786, 0.793, 0.782, 0.805, 0.800, 0.859
 0.432, 0.831, 0.750, 0.770, 0.777, 0.769, 0.810, 0.788, 0.795, 0.784, 0.807, 0.802, 0.863
 0.434, 0.833, 0.752, 0.772, 0.779, 0.771, 0.812, 0.791, 0.797, 0.787, 0.810, 0.805, 0.867
 0.436, 0.836, 0.755, 0.774, 0.781, 0.773, 0.814, 0.793, 0.800, 0.789, 0.812, 0.807, 0.872
 0.438, 0.838, 0.758, 0.776, 0.784, 0.776, 0.816, 0.795, 0.802, 0.792, 0.814, 0.809, 0.876
 0.440, 0.841, 0.760, 0.778, 0.786, 0.778, 0.818, 0.797, 0.804, 0.794, 0.817, 0.811, 0.880
 0.442, 0.844, 0.763, 0.780, 0.788, 0.780, 0.820, 0.799, 0.806, 0.797, 0.819, 0.814, 0.884
 0.444, 0.846, 0.766, 0.782, 0.790, 0.782, 0.822, 0.801, 0.808, 0.799, 0.821, 0.816, 0.888
 0.446, 0.849, 0.768, 0.784, 0.792, 0.784, 0.824, 0.803, 0.810, 0.801, 0.823, 0.818, 0.892
 0.448, 0.851, 0.771, 0.786, 0.794, 0.786, 0.826, 0.805, 0.812, 0.804, 0.825, 0.820, 0.896
 0.450, 0.853, 0.774, 0.788, 0.796, 0.789, 0.828, 0.807, 0.814, 0.806, 0.828, 0.822, 0.899
 0.452, 0.856, 0.776, 0.790, 0.799, 0.791, 0.830, 0.809, 0.816, 0.808, 0.830, 0.824, 0.903
 0.454, 0.858, 0.778, 0.792, 0.801, 0.793, 0.832, 0.811, 0.818, 0.810, 0.832, 0.826, 0.906
 0.456, 0.860, 0.781, 0.794, 0.802, 0.795, 0.834, 0.813, 0.821, 0.812, 0.834, 0.828, 0.909
 0.458, 0.863, 0.783, 0.796, 0.804, 0.797, 0.836, 0.815, 0.822, 0.814, 0.836, 0.830, 0.912
 0.460, 0.865, 0.785, 0.798, 0.806, 0.799, 0.838, 0.817, 0.824, 0.816, 0.838, 0.832, 0.916
 0.462, 0.867, 0.788, 0.800, 0.808, 0.801, 0.840, 0.818, 0.826, 0.818, 0.840, 0.834, 0.918
 0.464, 0.869, 0.790, 0.802, 0.810, 0.803, 0.841, 0.820, 0.828, 0.820, 0.842, 0.836, 0.921
 0.466, 0.871, 0.792, 0.804, 0.812, 0.804, 0.843, 0.822, 0.830, 0.822, 0.844, 0.838, 0.924
 0.468, 0.873, 0.794, 0.807, 0.814, 0.806, 0.845, 0.824, 0.832, 0.824, 0.846, 0.840, 0.927
 0.470, 0.875, 0.796, 0.809, 0.815, 0.808, 0.847, 0.825, 0.834, 0.826, 0.848, 0.842, 0.929
 0.472, 0.877, 0.798, 0.811, 0.817, 0.810, 0.848, 0.827, 0.836, 0.827, 0.850, 0.844, 0.932
 0.474, 0.879, 0.800, 0.813, 0.819, 0.812, 0.850, 0.829, 0.838, 0.829, 0.852, 0.846, 0.934
 0.476, 0.881, 0.802, 0.815, 0.820, 0.814, 0.852, 0.830, 0.840, 0.831, 0.853, 0.848, 0.937
 0.478, 0.883, 0.804, 0.817, 0.822, 0.815, 0.854, 0.832, 0.841, 0.832, 0.855, 0.849, 0.939
 0.480, 0.885, 0.806, 0.820, 0.824, 0.817, 0.855, 0.833, 0.843, 0.834, 0.857, 0.851, 0.941
 0.482, 0.886, 0.808, 0.822, 0.825, 0.819, 0.857, 0.835, 0.845, 0.836, 0.859, 0.853, 0.943
 0.484, 0.888, 0.809, 0.824, 0.827, 0.820, 0.859, 0.836, 0.847, 0.837, 0.860, 0.855, 0.945
 0.486, 0.890, 0.811, 0.826, 0.828, 0.822, 0.860, 0.838, 0.848, 0.838, 0.862, 0.856, 0.947
 0.488, 0.891, 0.813, 0.829, 0.830, 0.824, 0.862, 0.839, 0.850, 0.840, 0.864, 0.858, 0.948
 0.490, 0.893, 0.814, 0.831, 0.831, 0.825, 0.863, 0.841, 0.852, 0.841, 0.866, 0.860, 0.950
 0.492, 0.894, 0.816, 0.833, 0.832, 0.827, 0.865, 0.842, 0.853, 0.842, 0.867, 0.861, 0.951
 0.494, 0.895, 0.817, 0.836, 0.834, 0.828, 0.866, 0.843, 0.855, 0.844, 0.869, 0.863, 0.953
 0.496, 0.897, 0.819, 0.838, 0.835, 0.830, 0.868, 0.845, 0.856, 0.845, 0.871, 0.865, 0.954
 0.498, 0.898, 0.820, 0.841, 0.836, 0.831, 0.870, 0.846, 0.858, 0.846, 0.872, 0.866, 0.955
 0.500, 0.899, 0.822, 0.843, 0.838, 0.833, 0.871, 0.847, 0.859, 0.847, 0.874, 0.868, 0.956
 0.502, 0.901, 0.823, 0.846, 0.839, 0.834, 0.873, 0.849, 0.861, 0.848, 0.875, 0.869, 0.957
 0.504, 0.902, 0.824, 0.848, 0.840, 0.836, 0.874, 0.850, 0.862, 0.849, 0.877, 0.871, 0.958
 0.506, 0.903, 0.825, 0.850, 0.841, 0.837, 0.875, 0.851, 0.864, 0.850, 0.878, 0.872, 0.959
 0.508, 0.904, 0.827, 0.853, 0.842, 0.838, 0.877, 0.852, 0.865, 0.851, 0.880, 0.874, 0.960
 0.510, 0.905, 0.828, 0.855, 0.843, 0.840, 0.878, 0.853, 0.866, 0.852, 0.881, 0.875, 0.961
 0.512, 0.906, 0.829, 0.857, 0.844, 0.841, 0.880, 0.854, 0.868, 0.853, 0.882, 0.877, 0.962
 0.514, 0.907, 0.830, 0.859, 0.845, 0.842, 0.881, 0.855, 0.869, 0.854, 0.884, 0.878, 0.963
 0.516, 0.908, 0.831, 0.861, 0.846, 0.844, 0.882, 0.856, 0.870, 0.855, 0.885, 0.879, 0.964
 0.518, 0.909, 0.832, 0.863, 0.847, 0.845, 0.884, 0.857, 0.872, 0.856, 0.886, 0.880, 0.965
 0.520, 0.910, 0.833, 0.865, 0.848, 0.846, 0.885, 0.858, 0.873, 0.857, 0.887, 0.882, 0.966
 0.522, 0.911, 0.834, 0.867, 0.849, 0.847, 0.886, 0.859, 0.874, 0.858, 0.888, 0.883, 0.967
 0.524, 0.912, 0.835, 0.868, 0.850, 0.848, 0.887, 0.860, 0.875, 0.858, 0.889, 0.884, 0.968
 0.526, 0.913, 0.836, 0.870, 0.851, 0.850, 0.889, 0.861, 0.876, 0.859, 0.890, 0.885, 0.969
 0.528, 0.913, 0.837, 0.871, 0.852, 0.851, 0.890, 0.862, 0.877, 0.860, 0.891, 0.886, 0.970
 0.530, 0.914, 0.838, 0.873, 0.853, 0.852, 0.891, 0.863, 0.878, 0.861, 0.892, 0.887, 0.971
 0.532, 0.915, 0.839, 0.874, 0.854, 0.853, 0.892, 0.864, 0.879, 0.862, 0.893, 0.888, 0.972
 0.534, 0.916, 0.840, 0.876, 0.855, 0.854, 0.893, 0.865, 0.880, 0.862, 0.894, 0.889, 0.973
 0.536, 0.917, 0.841, 0.877, 0.856, 0.855, 0.893, 0.866, 0.881, 0.863, 0.895, 0.890, 0.974
 0.538, 0.918, 0.842, 0.878, 0.857, 0.856, 0.894, 0.866, 0.882, 0.864, 0.896, 0.891, 0.975
 0.540, 0.919, 0.842, 0.879, 0.858, 0.857, 0.895, 0.867, 0.883, 0.865, 0.896, 0.892, 0.976
 0.542, 0.919, 0.843, 0.880, 0.858, 0.858, 0.896, 0.868, 0.884, 0.865, 0.897, 0.893, 0.977
 0.544, 0.920, 0.844, 0.881, 0.859, 0.858, 0.896, 0.869, 0.885, 0.866, 0.898, 0.894, 0.978
 0.546, 0.921, 0.845, 0.882, 0.860, 0.859, 0.897, 0.869, 0.886, 0.867, 0.898, 0.895, 0.979
 0.548, 0.922, 0.845, 0.882, 0.861, 0.860, 0.898, 0.870, 0.887, 0.868, 0.899, 0.896, 0.980
 0.550, 0.923, 0.846, 0.883, 0.861, 0.861, 0.898, 0.871, 0.887, 0.868, 0.899, 0.896, 0.981
 0.552, 0.923, 0.847, 0.883, 0.862, 0.862, 0.899, 0.871, 0.888, 0.869, 0.900, 0.897, 0.982
 0.554, 0.924, 0.848, 0.884, 0.863, 0.862, 0.899, 0.872, 0.889, 0.870, 0.900, 0.898, 0.983
 0.556, 0.925, 0.848, 0.884, 0.864, 0.863, 0.899, 0.873, 0.889, 0.870, 0.901, 0.898, 0.984
 0.558, 0.926, 0.849, 0.885, 0.864, 0.864, 0.900, 0.873, 0.890, 0.871, 0.901, 0.899, 0.985
 0.560, 0.926, 0.849, 0.885, 0.865, 0.864, 0.900, 0.874, 0.891, 0.871, 0.901, 0.899, 0.986
 0.562, 0.927, 0.850, 0.885, 0.866, 0.865, 0.900, 0.874, 0.891, 0.872, 0.902, 0.900, 0.987
 0.564, 0.928, 0.851, 0.885, 0.866, 0.866, 0.901, 0.875, 0.892, 0.873, 0.902, 0.900, 0.988
 0.566, 0.929, 0.851, 0.885, 0.867, 0.866, 0.901, 0.875, 0.892, 0.873, 0.902, 0.901, 0.989
 0.568, 0.929, 0.852, 0.885, 0.867, 0.867, 0.901, 0.876, 0.892, 0.874, 0.902, 0.901, 0.990
 0.570, 0.930, 0.852, 0.885, 0.868, 0.867, 0.901, 0.876, 0.893, 0.874, 0.902, 0.902, 0.991
 0.572, 0.931, 0.853, 0.884, 0.869, 0.868, 0.901, 0.877, 0.893, 0.875, 0.902, 0.902, 0.992
 0.574, 0.932, 0.853, 0.884, 0.869, 0.868, 0.901, 0.877, 0.894, 0.875, 0.902, 0.902, 0.993
 0.576, 0.932, 0.854, 0.884, 0.870, 0.869, 0.901, 0.877, 0.894, 0.876, 0.902, 0.903, 0.994
 0.578, 0.933, 0.854, 0.883, 0.870, 0.869, 0.900, 0.878, 0.894, 0.876, 0.902, 0.903, 0.994
 0.580, 0.934, 0.854, 0.883, 0.871, 0.870, 0.900, 0.878, 0.894, 0.877, 0.902, 0.903, 0.995
 0.582, 0.934, 0.855, 0.883, 0.871, 0.870, 0.900, 0.878, 0.894, 0.877, 0.902, 0.903, 0.996
 0.584, 0.935, 0.855, 0.882, 0.872, 0.870, 0.900, 0.879, 0.894, 0.878, 0.902, 0.904, 0.997
 0.586, 0.936, 0.856, 0.882, 0.872, 0.871, 0.899, 0.879, 0.895, 0.878, 0.902, 0.904, 0.997
 0.588, 0.936, 0.856, 0.882, 0.873, 0.871, 0.899, 0.879, 0.895, 0.879, 0.902, 0.904, 0.998
 0.590, 0.937, 0.856, 0.881, 0.873, 0.871, 0.899, 0.879, 0.895, 0.879, 0.902, 0.904, 0.998
 0.592, 0.938, 0.857, 0.881, 0.873, 0.872, 0.898, 0.880, 0.895, 0.879, 0.902, 0.904, 0.999
 0.594, 0.938, 0.857, 0.881, 0.874, 0.872, 0.898, 0.880, 0.894, 0.880, 0.902, 0.905, 0.999
 0.596, 0.939, 0.858, 0.880, 0.874, 0.872, 0.898, 0.880, 0.894, 0.880, 0.902, 0.905, 1.000
 0.598, 0.940, 0.858, 0.880, 0.874, 0.872, 0.897, 0.880, 0.894, 0.880, 0.902, 0.905, 1.000
 0.600, 0.940, 0.858, 0.880, 0.874, 0.872, 0.897, 0.880, 0.894, 0.881, 0.902, 0.905, 1.000
 0.602, 0.941, 0.859, 0.880, 0.875, 0.872, 0.897, 0.881, 0.894, 0.881, 0.902, 0.905, 1.000
 0.604, 0.941, 0.859, 0.880, 0.875, 0.873, 0.896, 0.881, 0.894, 0.881, 0.902, 0.905, 1.000
 0.606, 0.942, 0.860, 0.880, 0.875, 0.873, 0.896, 0.881, 0.893, 0.882, 0.902, 0.905, 1.000
 0.608, 0.942, 0.860, 0.879, 0.875, 0.873, 0.896, 0.881, 0.893, 0.882, 0.902, 0.905, 1.000
 0.610, 0.943, 0.860, 0.879, 0.875, 0.873, 0.895, 0.881, 0.893, 0.882, 0.902, 0.905, 1.000
 0.612, 0.943, 0.861, 0.879, 0.875, 0.873, 0.895, 0.881, 0.892, 0.882, 0.902, 0.905, 0.999
 0.614, 0.944, 0.861, 0.879, 0.875, 0.873, 0.895, 0.881, 0.892, 0.883, 0.901, 0.905, 0.999
 0.616, 0.944, 0.862, 0.879, 0.875, 0.873, 0.895, 0.881, 0.891, 0.883, 0.901, 0.905, 0.999
 0.618, 0.945, 0.862, 0.879, 0.875, 0.873, 0.894, 0.881, 0.891, 0.883, 0.901, 0.905, 0.998
 0.620, 0.945, 0.863, 0.879, 0.875, 0.873, 0.894, 0.882, 0.890, 0.883, 0.901, 0.905, 0.998
 0.622, 0.945, 0.863, 0.879, 0.875, 0.873, 0.894, 0.882, 0.889, 0.883, 0.901, 0.905, 0.997
 0.624, 0.946, 0.864, 0.879, 0.875, 0.873, 0.894, 0.882, 0.889, 0.883, 0.901, 0.905, 0.996
 0.626, 0.946, 0.864, 0.879, 0.875, 0.873, 0.894, 0.882, 0.888, 0.884, 0.901, 0.904, 0.996
 0.628, 0.946, 0.864, 0.879, 0.875, 0.872, 0.893, 0.882, 0.888, 0.884, 0.901, 0.904, 0.995
 0.630, 0.947, 0.865, 0.879, 0.874, 0.872, 0.893, 0.882, 0.887, 0.884, 0.901, 0.904, 0.994
 0.632, 0.947, 0.865, 0.879, 0.874, 0.872, 0.893, 0.881, 0.887, 0.884, 0.901, 0.904, 0.993
 0.634, 0.947, 0.866, 0.879, 0.874, 0.872, 0.893, 0.881, 0.886, 0.884, 0.901, 0.904, 0.992
 0.636, 0.947, 0.866, 0.880, 0.874, 0.872, 0.893, 0.881, 0.886, 0.884, 0.901, 0.903, 0.991
 0.638, 0.948, 0.867, 0.880, 0.873, 0.871, 0.893, 0.881, 0.885, 0.884, 0.901, 0.903, 0.990
 0.640, 0.948, 0.867, 0.880, 0.873, 0.871, 0.893, 0.881, 0.885, 0.884, 0.901, 0.903, 0.989
 0.642, 0.948, 0.868, 0.880, 0.872, 0.871, 0.893, 0.881, 0.884, 0.884, 0.901, 0.903, 0.988
 0.644, 0.948, 0.868, 0.880, 0.872, 0.870, 0.893, 0.881, 0.884, 0.884, 0.901, 0.902, 0.987
 0.646, 0.949, 0.869, 0.881, 0.872, 0.870, 0.892, 0.881, 0.884, 0.884, 0.901, 0.902, 0.985
 0.648, 0.949, 0.869, 0.881, 0.871, 0.870, 0.892, 0.881, 0.883, 0.884, 0.900, 0.902, 0.984
 0.650, 0.949, 0.869, 0.881, 0.871, 0.869, 0.892, 0.880, 0.883, 0.884, 0.900, 0.901, 0.982
 0.652, 0.949, 0.870, 0.882, 0.870, 0.869, 0.892, 0.880, 0.883, 0.884, 0.900, 0.901, 0.980
 0.654, 0.949, 0.870, 0.882, 0.870, 0.869, 0.892, 0.880, 0.882, 0.884, 0.900, 0.901, 0.978
 0.656, 0.949, 0.871, 0.882, 0.869, 0.868, 0.892, 0.880, 0.882, 0.883, 0.900, 0.901, 0.976
 0.658, 0.949, 0.871, 0.883, 0.869, 0.868, 0.892, 0.880, 0.882, 0.883, 0.900, 0.900, 0.974
 0.660, 0.949, 0.872, 0.883, 0.868, 0.868, 0.892, 0.879, 0.881, 0.883, 0.900, 0.900, 0.972
 0.662, 0.949, 0.873, 0.883, 0.868, 0.868, 0.892, 0.879, 0.881, 0.883, 0.900, 0.900, 0.969
 0.664, 0.950, 0.873, 0.884, 0.867, 0.867, 0.893, 0.879, 0.881, 0.883, 0.899, 0.899, 0.967
 0.666, 0.950, 0.874, 0.884, 0.867, 0.867, 0.893, 0.879, 0.881, 0.883, 0.899, 0.899, 0.964
 0.668, 0.950, 0.874, 0.884, 0.866, 0.867, 0.893, 0.878, 0.881, 0.882, 0.899, 0.899, 0.961
 0.670, 0.950, 0.875, 0.885, 0.866, 0.867, 0.892, 0.878, 0.880, 0.882, 0.899, 0.898, 0.958
 0.672, 0.950, 0.875, 0.885, 0.865, 0.867, 0.892, 0.877, 0.880, 0.882, 0.899, 0.898, 0.955
 0.674, 0.951, 0.876, 0.886, 0.865, 0.866, 0.892, 0.877, 0.880, 0.882, 0.898, 0.898, 0.952
 0.676, 0.951, 0.877, 0.886, 0.864, 0.866, 0.892, 0.876, 0.880, 0.881, 0.898, 0.897, 0.948
 0.678, 0.952, 0.877, 0.886, 0.864, 0.866, 0.892, 0.876, 0.880, 0.881, 0.898, 0.897, 0.945
 0.680, 0.952, 0.878, 0.887, 0.863, 0.866, 0.892, 0.875, 0.880, 0.881, 0.898, 0.897, 0.941
 0.682, 0.953, 0.878, 0.887, 0.863, 0.866, 0.892, 0.875, 0.880, 0.880, 0.897, 0.897, 0.937
 0.684, 0.953, 0.879, 0.888, 0.862, 0.866, 0.892, 0.874, 0.880, 0.880, 0.897, 0.896, 0.933
 0.686, 0.954, 0.880, 0.888, 0.862, 0.866, 0.892, 0.873, 0.880, 0.880, 0.897, 0.896, 0.929
 0.688, 0.954, 0.881, 0.889, 0.861, 0.866, 0.891, 0.873, 0.880, 0.879, 0.897, 0.896, 0.925
 0.690, 0.955, 0.881, 0.889, 0.861, 0.866, 0.891, 0.872, 0.880, 0.879, 0.896, 0.895, 0.921
 0.692, 0.956, 0.882, 0.890, 0.861, 0.866, 0.891, 0.871, 0.880, 0.879, 0.896, 0.895, 0.916
 0.694, 0.956, 0.883, 0.890, 0.860, 0.866, 0.891, 0.871, 0.880, 0.878, 0.896, 0.895, 0.912
 0.696, 0.957, 0.883, 0.891, 0.860, 0.867, 0.891, 0.870, 0.880, 0.878, 0.895, 0.894, 0.907
 0.698, 0.958, 0.884, 0.892, 0.860, 0.867, 0.891, 0.869, 0.880, 0.878, 0.895, 0.894, 0.902
 0.700, 0.959, 0.885, 0.892, 0.859, 0.867, 0.890, 0.869, 0.880, 0.877, 0.894, 0.894, 0.897
 0.702, 0.959, 0.886, 0.893, 0.859, 0.867, 0.890, 0.868, 0.880, 0.877, 0.894, 0.893, 0.892
 0.704, 0.960, 0.887, 0.893, 0.859, 0.867, 0.890, 0.867, 0.880, 0.876, 0.894, 0.893, 0.887
 0.706, 0.961, 0.887, 0.894, 0.858, 0.868, 0.890, 0.866, 0.880, 0.876, 0.893, 0.893, 0.881
 0.708, 0.962, 0.888, 0.895, 0.858, 0.868, 0.889, 0.865, 0.880, 0.875, 0.893, 0.893, 0.876
 0.710, 0.963, 0.889, 0.895, 0.858, 0.868, 0.889, 0.864, 0.881, 0.875, 0.892, 0.892, 0.870
 0.712, 0.964, 0.890, 0.896, 0.857, 0.868, 0.889, 0.863, 0.881, 0.874, 0.892, 0.892, 0.864
 0.714, 0.966, 0.891, 0.896, 0.857, 0.868, 0.888, 0.862, 0.881, 0.873, 0.891, 0.892, 0.858
 0.716, 0.967, 0.891, 0.897, 0.856, 0.869, 0.888, 0.861, 0.881, 0.873, 0.891, 0.891, 0.852
 0.718, 0.968, 0.892, 0.898, 0.856, 0.869, 0.887, 0.859, 0.881, 0.872, 0.891, 0.891, 0.846
 0.720, 0.969, 0.893, 0.898, 0.856, 0.869, 0.887, 0.858, 0.881, 0.872, 0.890, 0.891, 0.839
 0.722, 0.971, 0.894, 0.899, 0.855, 0.870, 0.887, 0.857, 0.881, 0.871, 0.890, 0.891, 0.833
 0.724, 0.972, 0.895, 0.900, 0.855, 0.871, 0.886, 0.856, 0.882, 0.871, 0.889, 0.890, 0.826
 0.726, 0.973, 0.896, 0.901, 0.855, 0.871, 0.886, 0.855, 0.882, 0.871, 0.889, 0.890, 0.819
 0.728, 0.975, 0.897, 0.902, 0.855, 0.872, 0.886, 0.854, 0.882, 0.871, 0.889, 0.890, 0.812
 0.730, 0.976, 0.898, 0.903, 0.855, 0.873, 0.885, 0.853, 0.882, 0.871, 0.889, 0.890, 0.804
 0.732, 0.977, 0.900, 0.905, 0.856, 0.874, 0.885, 0.853, 0.883, 0.871, 0.889, 0.889, 0.797
 0.734, 0.979, 0.901, 0.906, 0.856, 0.875, 0.885, 0.852, 0.883, 0.871, 0.889, 0.889, 0.789
 0.736, 0.980, 0.902, 0.908, 0.857, 0.877, 0.885, 0.852, 0.883, 0.872, 0.889, 0.889, 0.781
 0.738, 0.981, 0.904, 0.909, 0.858, 0.878, 0.885, 0.852, 0.884, 0.873, 0.889, 0.889, 0.773
 0.740, 0.982, 0.905, 0.911, 0.859, 0.880, 0.885, 0.852, 0.884, 0.874, 0.889, 0.888, 0.765
 0.742, 0.984, 0.907, 0.913, 0.860, 0.882, 0.885, 0.853, 0.884, 0.875, 0.889, 0.888, 0.756
 0.744, 0.985, 0.909, 0.915, 0.861, 0.883, 0.886, 0.853, 0.885, 0.877, 0.889, 0.888, 0.747
 0.746, 0.986, 0.911, 0.917, 0.863, 0.885, 0.887, 0.854, 0.885, 0.878, 0.889, 0.888, 0.738
 0.748, 0.987, 0.913, 0.919, 0.864, 0.888, 0.887, 0.855, 0.885, 0.880, 0.890, 0.888, 0.729
 0.750, 0.988, 0.915, 0.921, 0.866, 0.890, 0.888, 0.856, 0.886, 0.881, 0.890, 0.888, 0.720
 0.752, 0.989, 0.917, 0.923, 0.868, 0.892, 0.889, 0.858, 0.886, 0.883, 0.890, 0.887, 0.711
 0.754, 0.990, 0.919, 0.925, 0.871, 0.894, 0.891, 0.859, 0.886, 0.885, 0.891, 0.887, 0.701
 0.756, 0.991, 0.921, 0.927, 0.873, 0.897, 0.892, 0.861, 0.886, 0.888, 0.891, 0.887, 0.692
 0.758, 0.992, 0.923, 0.929, 0.875, 0.899, 0.894, 0.863, 0.887, 0.890, 0.892, 0.887, 0.682
 0.760, 0.993, 0.926, 0.932, 0.878, 0.902, 0.896, 0.866, 0.887, 0.892, 0.892, 0.887, 0.672
 0.762, 0.994, 0.928, 0.934, 0.881, 0.905, 0.898, 0.868, 0.888, 0.895, 0.893, 0.887, 0.662
 0.764, 0.994, 0.931, 0.937, 0.884, 0.908, 0.900, 0.871, 0.888, 0.898, 0.894, 0.887, 0.651
 0.766, 0.995, 0.934, 0.940, 0.887, 0.911, 0.902, 0.874, 0.889, 0.901, 0.895, 0.887, 0.641
 0.768, 0.996, 0.936, 0.943, 0.891, 0.915, 0.905, 0.877, 0.889, 0.904, 0.895, 0.887, 0.630
 0.770, 0.996, 0.939, 0.946, 0.895, 0.918, 0.908, 0.881, 0.890, 0.908, 0.896, 0.887, 0.619
 0.772, 0.997, 0.942, 0.949, 0.899, 0.922, 0.910, 0.885, 0.891, 0.912, 0.897, 0.887, 0.607
 0.774, 0.997, 0.946, 0.953, 0.903, 0.926, 0.913, 0.888, 0.892, 0.916, 0.898, 0.887, 0.596
 0.776, 0.997, 0.949, 0.956, 0.907, 0.930, 0.916, 0.893, 0.893, 0.920, 0.899, 0.886, 0.584
 0.778, 0.998, 0.952, 0.960, 0.912, 0.934, 0.919, 0.897, 0.895, 0.925, 0.900, 0.886, 0.572
 0.780, 0.998, 0.956, 0.964, 0.916, 0.939, 0.922, 0.902, 0.896, 0.929, 0.901, 0.886, 0.560
 0.782, 0.998, 0.959, 0.968, 0.921, 0.943, 0.926, 0.906, 0.898, 0.934, 0.902, 0.886, 0.547
 0.784, 0.999, 0.963, 0.971, 0.926, 0.948, 0.930, 0.911, 0.899, 0.938, 0.904, 0.886, 0.535
 0.786, 0.999, 0.967, 0.975, 0.931, 0.952, 0.933, 0.917, 0.901, 0.943, 0.905, 0.886, 0.523
 0.788, 0.999, 0.970, 0.978, 0.936, 0.957, 0.937, 0.922, 0.903, 0.948, 0.906, 0.886, 0.510
 0.790, 0.999, 0.974, 0.982, 0.942, 0.961, 0.942, 0.928, 0.905, 0.953, 0.908, 0.887, 0.498
 0.792, 1.000, 0.978, 0.985, 0.947, 0.965, 0.946, 0.933, 0.907, 0.958, 0.909, 0.887, 0.486
 0.794, 1.000, 0.981, 0.988, 0.953, 0.970, 0.951, 0.939, 0.909, 0.962, 0.910, 0.888, 0.474
 0.796, 1.000, 0.985, 0.991, 0.958, 0.974, 0.956, 0.945, 0.912, 0.967, 0.912, 0.888, 0.462
 0.798, 1.000, 0.988, 0.993, 0.963, 0.978, 0.961, 0.952, 0.914, 0.971, 0.914, 0.889, 0.450
 0.800, 1.000, 0.991, 0.995, 0.969, 0.981, 0.965, 0.957, 0.917, 0.975, 0.915, 0.890, 0.438
 0.802, 0.999, 0.994, 0.997, 0.974, 0.985, 0.970, 0.963, 0.920, 0.979, 0.917, 0.891, 0.427
 0.804, 0.999, 0.996, 0.998, 0.978, 0.988, 0.975, 0.969, 0.922, 0.983, 0.919, 0.892, 0.416
 0.806, 0.998, 0.998, 0.999, 0.983, 0.991, 0.979, 0.974, 0.925, 0.987, 0.921, 0.893, 0.404
 0.808, 0.996, 0.999, 1.000, 0.987, 0.993, 0.983, 0.979, 0.929, 0.990, 0.923, 0.895, 0.393
 0.810, 0.994, 1.000, 1.000, 0.990, 0.996, 0.987, 0.983, 0.932, 0.992, 0.925, 0.896, 0.383
 0.812, 0.992, 1.000, 1.000, 0.993, 0.997, 0.990, 0.987, 0.936, 0.995, 0.927, 0.898, 0.372
 0.814, 0.989, 0.999, 0.999, 0.995, 0.999, 0.993, 0.991, 0.940, 0.997, 0.929, 0.900, 0.362
 0.816, 0.985, 0.998, 0.997, 0.997, 0.999, 0.995, 0.993, 0.944, 0.998, 0.931, 0.902, 0.352
 0.818, 0.981, 0.996, 0.995, 0.999, 1.000, 0.997, 0.996, 0.948, 0.999, 0.933, 0.904, 0.342
 0.820, 0.976, 0.993, 0.993, 1.000, 1.000, 0.998, 0.997, 0.952, 1.000, 0.936, 0.907, 0.332
 0.822, 0.971, 0.990, 0.990, 1.000, 1.000, 0.999, 0.999, 0.956, 1.000, 0.938, 0.909, 0.323
 0.824, 0.965, 0.986, 0.987, 1.000, 0.999, 1.000, 1.000, 0.961, 1.000, 0.940, 0.912, 0.313
 0.826, 0.959, 0.982, 0.983, 0.999, 0.998, 1.000, 1.000, 0.965, 0.999, 0.943, 0.915, 0.304
 0.828, 0.953, 0.977, 0.979, 0.999, 0.996, 1.000, 1.000, 0.970, 0.999, 0.945, 0.918, 0.295
 0.830, 0.945, 0.972, 0.975, 0.997, 0.995, 0.999, 1.000, 0.974, 0.998, 0.948, 0.921, 0.287
 0.832, 0.938, 0.966, 0.970, 0.995, 0.993, 0.998, 0.999, 0.978, 0.996, 0.951, 0.924, 0.278
 0.834, 0.930, 0.959, 0.965, 0.993, 0.990, 0.996, 0.997, 0.983, 0.994, 0.953, 0.928, 0.270
 0.836, 0.921, 0.953, 0.959, 0.991, 0.987, 0.994, 0.996, 0.987, 0.992, 0.956, 0.931, 0.262
 0.838, 0.912, 0.945, 0.953, 0.988, 0.984, 0.992, 0.994, 0.991, 0.990, 0.959, 0.935, 0.254
 0.840, 0.903, 0.937, 0.946, 0.985, 0.981, 0.989, 0.991, 0.994, 0.987, 0.962, 0.939, 0.246
 0.842, 0.892, 0.929, 0.940, 0.981, 0.977, 0.986, 0.988, 0.997, 0.984, 0.965, 0.943, 0.238
 0.844, 0.882, 0.920, 0.932, 0.977, 0.973, 0.982, 0.985, 0.999, 0.981, 0.968, 0.947, 0.231
 0.846, 0.871, 0.910, 0.924, 0.972, 0.969, 0.978, 0.981, 1.000, 0.977, 0.971, 0.952, 0.223
 0.848, 0.859, 0.900, 0.916, 0.967, 0.964, 0.973, 0.977, 1.000, 0.973, 0.974, 0.956, 0.216
 0.850, 0.846, 0.889, 0.908, 0.962, 0.959, 0.968, 0.972, 0.999, 0.969, 0.978, 0.961, 0.209
 0.852, 0.833, 0.878, 0.899, 0.956, 0.953, 0.963, 0.967, 0.997, 0.964, 0.981, 0.966, 0.203
 0.854, 0.820, 0.865, 0.889, 0.950, 0.948, 0.957, 0.961, 0.994, 0.959, 0.985, 0.971, 0.196
 0.856, 0.806, 0.852, 0.879, 0.943, 0.942, 0.951, 0.955, 0.990, 0.954, 0.988, 0.977, 0.190
 0.858, 0.791, 0.839, 0.869, 0.935, 0.935, 0.944, 0.949, 0.985, 0.948, 0.991, 0.982, 0.184
 0.860, 0.776, 0.825, 0.858, 0.928, 0.928, 0.937, 0.942, 0.978, 0.942, 0.994, 0.986, 0.178
 0.862, 0.760, 0.810, 0.847, 0.919, 0.921, 0.929, 0.934, 0.971, 0.936, 0.997, 0.990, 0.172
 0.864, 0.744, 0.796, 0.836, 0.911, 0.913, 0.921, 0.926, 0.963, 0.929, 0.999, 0.994, 0.166
 0.866, 0.728, 0.781, 0.824, 0.902, 0.905, 0.912, 0.918, 0.954, 0.922, 1.000, 0.997, 0.160
 0.868, 0.711, 0.765, 0.812, 0.892, 0.896, 0.903, 0.909, 0.944, 0.914, 1.000, 0.999, 0.155
 0.870, 0.694, 0.750, 0.800, 0.883, 0.887, 0.894, 0.900, 0.933, 0.906, 0.999, 1.000, 0.150
 0.872, 0.676, 0.734, 0.787, 0.872, 0.878, 0.885, 0.891, 0.921, 0.897, 0.998, 1.000, 0.144
 0.874, 0.659, 0.718, 0.775, 0.862, 0.868, 0.875, 0.881, 0.909, 0.888, 0.995, 0.998, 0.139
 0.876, 0.641, 0.703, 0.762, 0.851, 0.858, 0.864, 0.870, 0.896, 0.878, 0.991, 0.996, 0.134
 0.878, 0.623, 0.687, 0.749, 0.840, 0.847, 0.854, 0.860, 0.882, 0.868, 0.985, 0.992, 0.129
 0.880, 0.605, 0.671, 0.736, 0.828, 0.836, 0.842, 0.849, 0.868, 0.857, 0.979, 0.987, 0.124
 0.882, 0.587, 0.655, 0.722, 0.816, 0.824, 0.831, 0.837, 0.852, 0.846, 0.972, 0.981, 0.120
 0.884, 0.570, 0.639, 0.709, 0.804, 0.813, 0.819, 0.825, 0.836, 0.834, 0.964, 0.974, 0.115
 0.886, 0.552, 0.623, 0.695, 0.792, 0.800, 0.807, 0.813, 0.818, 0.822, 0.955, 0.966, 0.110
 0.888, 0.535, 0.608, 0.681, 0.779, 0.787, 0.794, 0.801, 0.799, 0.810, 0.945, 0.957, 0.106
 0.890, 0.517, 0.592, 0.667, 0.765, 0.774, 0.782, 0.788, 0.779, 0.797, 0.935, 0.947, 0.102
 0.892, 0.501, 0.576, 0.653, 0.752, 0.761, 0.768, 0.774, 0.758, 0.783, 0.924, 0.937, 0.097
 0.894, 0.484, 0.561, 0.638, 0.738, 0.747, 0.755, 0.761, 0.735, 0.770, 0.911, 0.925, 0.093
 0.896, 0.468, 0.546, 0.624, 0.724, 0.733, 0.741, 0.747, 0.711, 0.755, 0.899, 0.913, 0.089
 0.898, 0.452, 0.530, 0.609, 0.709, 0.718, 0.726, 0.732, 0.687, 0.741, 0.885, 0.900, 0.085
 0.900, 0.437, 0.515, 0.594, 0.694, 0.703, 0.712, 0.717, 0.662, 0.726, 0.870, 0.886, 0.081
 0.902, 0.421, 0.500, 0.578, 0.679, 0.688, 0.697, 0.702, 0.636, 0.710, 0.855, 0.871, 0.078
 0.904, 0.406, 0.485, 0.563, 0.663, 0.672, 0.682, 0.687, 0.610, 0.694, 0.838, 0.854, 0.074
 0.906, 0.392, 0.469, 0.547, 0.647, 0.655, 0.666, 0.671, 0.583, 0.677, 0.820, 0.837, 0.071
 0.908, 0.377, 0.454, 0.531, 0.630, 0.638, 0.650, 0.654, 0.557, 0.660, 0.801, 0.818, 0.067
 0.910, 0.363, 0.439, 0.514, 0.614, 0.621, 0.634, 0.638, 0.530, 0.642, 0.781, 0.798, 0.064
 0.912, 0.349, 0.424, 0.498, 0.597, 0.603, 0.618, 0.621, 0.504, 0.624, 0.760, 0.777, 0.061
 0.914, 0.335, 0.409, 0.481, 0.579, 0.584, 0.601, 0.603, 0.479, 0.605, 0.737, 0.754, 0.058
 0.916, 0.321, 0.394, 0.464, 0.561, 0.565, 0.585, 0.586, 0.454, 0.585, 0.713, 0.730, 0.055
 0.918, 0.307, 0.379, 0.446, 0.543, 0.545, 0.567, 0.568, 0.429, 0.565, 0.688, 0.705, 0.052
 0.920, 0.294, 0.364, 0.428, 0.524, 0.526, 0.550, 0.549, 0.405, 0.544, 0.663, 0.680, 0.050
 0.922, 0.280, 0.349, 0.410, 0.505, 0.505, 0.532, 0.530, 0.382, 0.523, 0.636, 0.653, 0.047
 0.924, 0.267, 0.334, 0.393, 0.486, 0.485, 0.514, 0.511, 0.359, 0.502, 0.609, 0.626, 0.044
 0.926, 0.255, 0.319, 0.375, 0.466, 0.464, 0.495, 0.491, 0.337, 0.480, 0.582, 0.598, 0.042
 0.928, 0.242, 0.304, 0.357, 0.446, 0.443, 0.476, 0.471, 0.316, 0.458, 0.554, 0.570, 0.040
 0.930, 0.230, 0.289, 0.339, 0.426, 0.421, 0.456, 0.450, 0.295, 0.436, 0.527, 0.541, 0.037
 0.932, 0.217, 0.274, 0.321, 0.405, 0.400, 0.436, 0.429, 0.275, 0.414, 0.499, 0.513, 0.035
 0.934, 0.205, 0.260, 0.303, 0.385, 0.378, 0.415, 0.408, 0.256, 0.391, 0.471, 0.485, 0.033
 0.936, 0.194, 0.245, 0.285, 0.364, 0.357, 0.394, 0.386, 0.238, 0.369, 0.444, 0.457, 0.031
 0.938, 0.182, 0.231, 0.268, 0.342, 0.335, 0.373, 0.365, 0.221, 0.347, 0.417, 0.429, 0.029
 0.940, 0.171, 0.217, 0.251, 0.321, 0.314, 0.351, 0.343, 0.204, 0.325, 0.390, 0.402, 0.027
 0.942, 0.160, 0.203, 0.234, 0.301, 0.293, 0.330, 0.321, 0.188, 0.303, 0.364, 0.375, 0.026
 0.944, 0.149, 0.189, 0.218, 0.280, 0.273, 0.309, 0.300, 0.173, 0.282, 0.338, 0.349, 0.024
 0.946, 0.139, 0.176, 0.202, 0.260, 0.253, 0.288, 0.279, 0.158, 0.261, 0.314, 0.324, 0.022
 0.948, 0.129, 0.163, 0.187, 0.241, 0.234, 0.267, 0.258, 0.144, 0.241, 0.290, 0.299, 0.021
 0.950, 0.120, 0.151, 0.172, 0.222, 0.216, 0.247, 0.238, 0.131, 0.222, 0.267, 0.276, 0.019
 0.952, 0.110, 0.139, 0.158, 0.204, 0.198, 0.228, 0.219, 0.119, 0.203, 0.245, 0.254, 0.018
 0.954, 0.101, 0.128, 0.145, 0.187, 0.181, 0.209, 0.201, 0.107, 0.186, 0.224, 0.232, 0.016
 0.956, 0.093, 0.117, 0.133, 0.171, 0.166, 0.191, 0.184, 0.096, 0.170, 0.205, 0.212, 0.015
 0.958, 0.085, 0.107, 0.121, 0.156, 0.151, 0.174, 0.168, 0.085, 0.154, 0.186, 0.193, 0.014
 0.960, 0.077, 0.097, 0.110, 0.141, 0.137, 0.158, 0.152, 0.075, 0.140, 0.169, 0.176, 0.012
 0.962, 0.069, 0.088, 0.099, 0.128, 0.124, 0.142, 0.138, 0.066, 0.126, 0.152, 0.159, 0.011
 0.964, 0.062, 0.079, 0.089, 0.115, 0.111, 0.128, 0.124, 0.058, 0.113, 0.137, 0.143, 0.010
 0.966, 0.056, 0.071, 0.079, 0.102, 0.099, 0.114, 0.111, 0.050, 0.101, 0.122, 0.128, 0.009
 0.968, 0.049, 0.063, 0.070, 0.091, 0.088, 0.101, 0.098, 0.043, 0.089, 0.108, 0.114, 0.008
 0.970, 0.043, 0.056, 0.062, 0.080, 0.078, 0.088, 0.086, 0.036, 0.078, 0.095, 0.100, 0.007
 0.972, 0.038, 0.049, 0.054, 0.070, 0.068, 0.077, 0.075, 0.031, 0.068, 0.083, 0.088, 0.006
 0.974, 0.032, 0.042, 0.047, 0.060, 0.058, 0.066, 0.065, 0.026, 0.059, 0.072, 0.076, 0.005
 0.976, 0.028, 0.036, 0.040, 0.051, 0.050, 0.056, 0.055, 0.021, 0.050, 0.061, 0.065, 0.004
 0.978, 0.023, 0.030, 0.033, 0.043, 0.041, 0.047, 0.046, 0.017, 0.041, 0.051, 0.054, 0.004
 0.980, 0.019, 0.025, 0.027, 0.035, 0.034, 0.038, 0.038, 0.014, 0.034, 0.042, 0.045, 0.003
 0.982, 0.015, 0.020, 0.022, 0.028, 0.027, 0.031, 0.030, 0.011, 0.027, 0.034, 0.036, 0.002
 0.984, 0.012, 0.016, 0.017, 0.022, 0.021, 0.024, 0.024, 0.009, 0.020, 0.026, 0.028, 0.002
 0.986, 0.009, 0.012, 0.013, 0.016, 0.016, 0.018, 0.018, 0.007, 0.015, 0.020, 0.021, 0.002
 0.988, 0.007, 0.009, 0.009, 0.011, 0.011, 0.013, 0.013, 0.005, 0.010, 0.014, 0.015, 0.001
 0.990, 0.005, 0.006, 0.006, 0.007, 0.007, 0.009, 0.008, 0.004, 0.006, 0.009, 0.010, 0.001
 0.992, 0.003, 0.004, 0.003, 0.004, 0.004, 0.006, 0.005, 0.003, 0.004, 0.006, 0.006, 0.001
 0.994, 0.002, 0.002, 0.002, 0.002, 0.002, 0.003, 0.003, 0.002, 0.002, 0.003, 0.003, 0.000
 0.996, 0.001, 0.001, 0.001, 0.001, 0.001, 0.002, 0.001, 0.001, 0.000, 0.001, 0.001, 0.000
 0.998, 0.000, 0.000, 0.000, 0.000, 0.000, 0.001, 0.000, 0.001, 0.000, 0.000, 0.000, 0.000
 1.000, 0.000, 0.000, 0.000, 0.000, 0.000, 0.000, 0.000, 0.000, 0.000, 0.000, 0.000, 0.000
